# --------------------------
# The bin settings, spectra values and errors of the unfolded reactor antineutrino spectra of U235, Pu239 and total are on lines 8 to 92
# The Covariance matrix of U235, Pu239 and total are on lines 96 to 170
# The additional smearing matrix of U235, Pu239 and total are on lines 174 to 248
# --------------------------


# U235      
# BinLowEdge  BinUpEdge (unit: MeV)  BinContent  BinError (unit: 10^{-43}cm^2/fission/MeV)
1.80  2.05  0.2998  0.0492
2.05  2.30  0.6090  0.0324
2.30  2.55  0.9347  0.0360
2.55  2.80  1.2147  0.0413
2.80  3.05  1.4498  0.0435
3.05  3.30  1.6310  0.0498
3.30  3.55  1.7372  0.0517
3.55  3.80  1.7836  0.0502
3.80  4.05  1.7985  0.0524
4.05  4.30  1.6938  0.0504
4.30  4.55  1.5838  0.0484
4.55  4.80  1.4596  0.0459
4.80  5.05  1.3811  0.0442
5.05  5.30  1.2496  0.0429
5.30  5.55  1.0940  0.0393
5.55  5.80  0.9607  0.0373
5.80  6.05  0.8438  0.0347
6.05  6.30  0.7373  0.0315
6.30  6.55  0.5794  0.0284
6.55  6.80  0.4667  0.0257
6.80  7.05  0.3729  0.0240
7.05  7.30  0.2373  0.0204
7.30  7.55  0.1846  0.0195
7.55  7.80  0.1173  0.0207
7.80  9.50  0.0218  0.0047


# Pu239 
# BinLowEdge  BinUpEdge (unit: MeV)  BinContent  BinError (unit: 10^{-43}cm^2/fission/MeV)
1.80  2.05  0.2939  0.0602
2.05  2.30  0.5170  0.0567
2.30  2.55  0.7782  0.0557
2.55  2.80  0.9853  0.0667
2.80  3.05  1.1308  0.0812
3.05  3.30  1.2738  0.0785
3.30  3.55  1.3572  0.0836
3.55  3.80  1.3336  0.0903
3.80  4.05  1.2921  0.0836
4.05  4.30  1.2109  0.0862
4.30  4.55  1.0489  0.0806
4.55  4.80  0.8199  0.0744
4.80  5.05  0.7074  0.0690
5.05  5.30  0.6878  0.0644
5.30  5.55  0.6775  0.0600
5.55  5.80  0.6216  0.0612
5.80  6.05  0.4954  0.0526
6.05  6.30  0.3449  0.0484
6.30  6.55  0.2231  0.0429
6.55  6.80  0.1828  0.0388
6.80  7.05  0.1494  0.0351
7.05  7.30  0.0858  0.0303
7.30  7.55  0.0613  0.0272
7.55  7.80  0.0362  0.0247
7.80  9.50  0.0120  0.0083


# Total 
# BinLowEdge  BinUpEdge (unit: MeV)  BinContent  BinError (unit: 10^{-43}cm^2/fission/MeV)
1.80  2.05  0.3028  0.0464
2.05  2.30  0.6054  0.0223
2.30  2.55  0.9189  0.0218
2.55  2.80  1.2011  0.0245
2.80  3.05  1.4072  0.0245
3.05  3.30  1.6098  0.0254
3.30  3.55  1.7275  0.0260
3.55  3.80  1.7359  0.0254
3.80  4.05  1.7510  0.0254
4.05  4.30  1.6662  0.0240
4.30  4.55  1.5387  0.0225
4.55  4.80  1.3363  0.0208
4.80  5.05  1.2435  0.0188
5.05  5.30  1.1513  0.0183
5.30  5.55  1.0182  0.0168
5.55  5.80  0.9066  0.0156
5.80  6.05  0.7635  0.0150
6.05  6.30  0.6383  0.0140
6.30  6.55  0.4814  0.0118
6.55  6.80  0.3975  0.0109
6.80  7.05  0.3210  0.0113
7.05  7.30  0.2043  0.0099
7.30  7.55  0.1547  0.0105
7.55  7.80  0.1042  0.0090
7.80  9.50  0.0211  0.0014


# The covariance matrix is of size 75X75 and describes the correlation between a total of 75 bins of the three unfolded energy spectra of U235, Pu239 and total. (unit: 10^{-86}(cm^2/fission/MeV)^2) 
1.64391e-03  4.81844e-04  1.30416e-04  1.87104e-04  1.98545e-04  2.08418e-04  1.77196e-04  1.39146e-04  1.10407e-04  8.81646e-05  7.01202e-05  6.93011e-05  7.13926e-05  6.26603e-05  4.43183e-05  3.07706e-05  2.18417e-05  2.13797e-05  2.52940e-05  2.03954e-05  1.07108e-05  5.60644e-06  4.62805e-06  3.93962e-06  1.72096e-07  -4.41047e-04  -2.59253e-04  2.22311e-04  3.70190e-04  2.51138e-04  1.46978e-04  9.38152e-05  7.71950e-05  7.18917e-05  6.43022e-05  5.40697e-05  5.06841e-05  5.05106e-05  4.68019e-05  3.76216e-05  2.89820e-05  2.22291e-05  2.11172e-05  2.28954e-05  1.86924e-05  1.16871e-05  7.35382e-06  5.66182e-06  4.55124e-06  2.02692e-06  2.24441e-04  2.12303e-04  2.03891e-04  2.08040e-04  1.62985e-04  1.29806e-04  9.74009e-05  5.27924e-05  3.66966e-05  1.72494e-05  -9.13344e-06  -7.29357e-06  5.80528e-06  5.29273e-06  -2.95346e-06  -5.44344e-06  -8.36807e-06  -6.35357e-06  3.89183e-06  2.57792e-06  -5.10752e-06  -5.62277e-06  -3.39835e-06  -3.89100e-06  -2.96676e-07  
4.81844e-04  8.72858e-04  5.89114e-04  4.48541e-04  3.92027e-04  3.54050e-04  3.41172e-04  3.04389e-04  2.66415e-04  2.23903e-04  1.86493e-04  1.74911e-04  1.71420e-04  1.49965e-04  1.11592e-04  8.00252e-05  5.85931e-05  5.40087e-05  5.58467e-05  4.05820e-05  1.85386e-05  5.45028e-06  2.35239e-06  4.60046e-06  -1.19202e-06  -1.73834e-04  -1.27574e-04  -9.03862e-05  2.39966e-04  4.19516e-04  4.01090e-04  3.30410e-04  2.65824e-04  2.30781e-04  2.07373e-04  1.84428e-04  1.70585e-04  1.60276e-04  1.43451e-04  1.17285e-04  9.03988e-05  6.72669e-05  5.76203e-05  5.69391e-05  4.79208e-05  3.11415e-05  1.87223e-05  1.40778e-05  1.16657e-05  3.45279e-06  2.17153e-04  3.28421e-04  3.20349e-04  3.37383e-04  2.93660e-04  2.44650e-04  2.07492e-04  1.37761e-04  1.15660e-04  7.87112e-05  2.98311e-05  2.56988e-05  4.26752e-05  3.63728e-05  1.60915e-05  5.24234e-06  -6.62612e-06  -5.68115e-06  1.06194e-05  4.32809e-06  -1.22424e-05  -1.58679e-05  -1.15575e-05  -1.06147e-05  -2.38098e-06  
1.30416e-04  5.89114e-04  1.25814e-03  9.07390e-04  6.08704e-04  5.40208e-04  5.18923e-04  5.07270e-04  4.77298e-04  4.28286e-04  3.72272e-04  3.44318e-04  3.24904e-04  2.81182e-04  2.15837e-04  1.62043e-04  1.21589e-04  1.03209e-04  9.76001e-05  7.34982e-05  3.90711e-05  1.70746e-05  1.09991e-05  1.20259e-05  -1.94712e-06  2.99511e-04  -5.35595e-05  -1.33228e-04  -6.14830e-05  2.98367e-04  5.54101e-04  5.78202e-04  5.05282e-04  4.30055e-04  3.77233e-04  3.36818e-04  3.10000e-04  2.86956e-04  2.53019e-04  2.05794e-04  1.59899e-04  1.20526e-04  9.87792e-05  9.06657e-05  7.44832e-05  5.21934e-05  3.49487e-05  2.49967e-05  1.82461e-05  4.89176e-06  2.05763e-04  3.45187e-04  4.04682e-04  4.14589e-04  3.97247e-04  3.64692e-04  3.28136e-04  2.57556e-04  2.28593e-04  1.82700e-04  1.15829e-04  9.72624e-05  1.10155e-04  9.18116e-05  6.07822e-05  4.39340e-05  1.78575e-05  1.18316e-05  2.55530e-05  1.47782e-05  -1.08021e-05  -1.82441e-05  -1.28319e-05  -1.41908e-05  -3.23919e-06  
1.87104e-04  4.48541e-04  9.07390e-04  1.54975e-03  1.15268e-03  7.57094e-04  6.56776e-04  6.43133e-04  6.40899e-04  5.99155e-04  5.34271e-04  4.89886e-04  4.53019e-04  3.92109e-04  3.13873e-04  2.48528e-04  1.94845e-04  1.62715e-04  1.47062e-04  1.08895e-04  6.41784e-05  3.13727e-05  2.08257e-05  1.90149e-05  -5.55641e-08  4.00326e-04  2.71661e-04  -3.67152e-05  -6.26773e-05  1.11639e-05  3.55422e-04  6.35957e-04  6.83704e-04  6.13759e-04  5.22286e-04  4.49646e-04  4.05473e-04  3.71859e-04  3.28184e-04  2.72051e-04  2.15807e-04  1.64130e-04  1.30792e-04  1.15763e-04  9.34689e-05  6.74319e-05  4.55096e-05  3.34233e-05  2.44179e-05  6.93884e-06  2.12599e-04  3.35019e-04  4.00394e-04  4.57835e-04  4.51637e-04  4.45560e-04  4.28273e-04  3.60996e-04  3.36099e-04  2.82765e-04  2.08654e-04  1.74016e-04  1.78792e-04  1.47726e-04  1.09182e-04  8.96992e-05  4.95660e-05  3.50256e-05  4.26850e-05  2.62323e-05  -3.74111e-06  -1.49848e-05  -1.13237e-05  -1.38677e-05  -3.00307e-06  
1.98545e-04  3.92027e-04  6.08704e-04  1.15268e-03  1.87530e-03  1.40670e-03  9.03576e-04  7.55280e-04  7.47726e-04  7.31707e-04  6.75194e-04  6.22001e-04  5.70971e-04  4.95432e-04  4.05006e-04  3.30210e-04  2.66693e-04  2.23812e-04  1.95276e-04  1.46758e-04  8.96179e-05  4.79404e-05  3.14293e-05  2.73502e-05  2.35932e-06  2.77930e-04  4.28442e-04  3.28465e-04  5.07998e-05  6.82904e-05  1.22009e-04  4.43262e-04  7.26199e-04  7.83947e-04  6.99477e-04  5.85488e-04  5.06352e-04  4.55317e-04  4.03547e-04  3.41006e-04  2.76605e-04  2.13520e-04  1.68677e-04  1.44414e-04  1.17451e-04  8.51371e-05  5.87485e-05  4.36621e-05  3.22582e-05  9.25803e-06  1.78549e-04  3.09529e-04  3.93141e-04  4.59948e-04  5.01699e-04  5.08355e-04  5.02625e-04  4.55113e-04  4.30865e-04  3.74360e-04  2.95066e-04  2.51342e-04  2.46928e-04  2.02846e-04  1.59497e-04  1.35935e-04  8.38471e-05  6.39241e-05  6.27146e-05  4.01180e-05  7.75599e-06  -8.10298e-06  -7.85372e-06  -1.04617e-05  -2.50798e-06  
2.08418e-04  3.54050e-04  5.40208e-04  7.57094e-04  1.40670e-03  2.16479e-03  1.62307e-03  1.03254e-03  8.39450e-04  8.13935e-04  7.91691e-04  7.50040e-04  6.90237e-04  5.96957e-04  4.89240e-04  3.99049e-04  3.25336e-04  2.69670e-04  2.31770e-04  1.77288e-04  1.17244e-04  6.76171e-05  4.76264e-05  3.87539e-05  3.44653e-06  1.89434e-04  3.87163e-04  5.57277e-04  4.15269e-04  1.72561e-04  2.25386e-04  2.62068e-04  5.59641e-04  8.30501e-04  8.68585e-04  7.56036e-04  6.28628e-04  5.40638e-04  4.73089e-04  4.04644e-04  3.33327e-04  2.62309e-04  2.05799e-04  1.71118e-04  1.36970e-04  1.02935e-04  7.28656e-05  5.48781e-05  3.92626e-05  1.01574e-05  1.41242e-04  2.56654e-04  3.65271e-04  4.48779e-04  5.01945e-04  5.56670e-04  5.56848e-04  5.23215e-04  5.07071e-04  4.52176e-04  3.75727e-04  3.18719e-04  3.04303e-04  2.54824e-04  2.07084e-04  1.81757e-04  1.21051e-04  9.36619e-05  8.13247e-05  5.67401e-05  2.19354e-05  1.94513e-06  4.46715e-07  -5.89304e-06  -1.55384e-06  
1.77196e-04  3.41172e-04  5.18923e-04  6.56776e-04  9.03576e-04  1.62307e-03  2.37919e-03  1.77523e-03  1.11359e-03  8.66344e-04  8.34121e-04  8.28980e-04  7.78709e-04  6.81141e-04  5.55796e-04  4.54254e-04  3.71501e-04  3.07924e-04  2.60519e-04  2.04506e-04  1.43840e-04  8.98055e-05  6.50326e-05  5.04117e-05  4.84013e-06  1.46777e-04  3.12817e-04  5.48606e-04  6.69416e-04  5.08699e-04  2.98944e-04  3.65456e-04  3.74147e-04  6.40421e-04  8.80578e-04  8.89425e-04  7.55266e-04  6.16075e-04  5.20771e-04  4.44947e-04  3.75289e-04  3.01092e-04  2.36223e-04  1.90660e-04  1.51449e-04  1.15572e-04  8.35478e-05  6.40984e-05  4.57924e-05  1.06815e-05  1.00890e-04  2.03770e-04  3.17244e-04  4.22202e-04  4.88680e-04  5.50922e-04  5.94833e-04  5.63058e-04  5.50365e-04  5.06059e-04  4.36399e-04  3.66039e-04  3.47307e-04  2.92905e-04  2.48860e-04  2.17287e-04  1.57977e-04  1.19488e-04  9.89551e-05  7.24758e-05  3.87155e-05  1.33123e-05  1.22588e-05  -5.32053e-07  -6.53386e-08  
1.39146e-04  3.04389e-04  5.07270e-04  6.43133e-04  7.55280e-04  1.03254e-03  1.77523e-03  2.51394e-03  1.85547e-03  1.12487e-03  8.54729e-04  8.32295e-04  8.23338e-04  7.36216e-04  6.13261e-04  4.99909e-04  4.17271e-04  3.45905e-04  2.92049e-04  2.31676e-04  1.73490e-04  1.11817e-04  8.30637e-05  6.30131e-05  7.25677e-06  1.28448e-04  2.56748e-04  4.71909e-04  6.92055e-04  7.80141e-04  6.11141e-04  4.04339e-04  4.65936e-04  4.47788e-04  6.71645e-04  8.76763e-04  8.62582e-04  7.21104e-04  5.77986e-04  4.81520e-04  4.08893e-04  3.39960e-04  2.68614e-04  2.13670e-04  1.67068e-04  1.30373e-04  9.47415e-05  7.45691e-05  5.37322e-05  1.19795e-05  6.49121e-05  1.49273e-04  2.67169e-04  3.75897e-04  4.63125e-04  5.38637e-04  5.76587e-04  5.97138e-04  5.75581e-04  5.38910e-04  4.75306e-04  4.11052e-04  3.77566e-04  3.30251e-04  2.80423e-04  2.53963e-04  1.87852e-04  1.53456e-04  1.16041e-04  9.13291e-05  5.77306e-05  3.06869e-05  2.27613e-05  1.01419e-05  1.82493e-06  
1.10407e-04  2.66415e-04  4.77298e-04  6.40899e-04  7.47726e-04  8.39450e-04  1.11359e-03  1.85547e-03  2.55640e-03  1.83725e-03  1.07317e-03  8.13788e-04  7.87745e-04  7.52804e-04  6.43025e-04  5.39032e-04  4.47292e-04  3.77716e-04  3.10574e-04  2.56431e-04  1.93670e-04  1.32949e-04  9.55994e-05  7.35581e-05  1.01143e-05  1.19168e-04  2.33531e-04  4.15024e-04  6.28204e-04  8.36221e-04  8.97507e-04  7.04745e-04  4.91497e-04  5.37704e-04  4.74471e-04  6.50988e-04  8.33190e-04  8.07618e-04  6.63453e-04  5.21011e-04  4.33803e-04  3.61991e-04  2.94209e-04  2.29480e-04  1.82258e-04  1.40386e-04  1.05295e-04  8.18824e-05  6.04789e-05  1.37025e-05  3.86883e-05  1.08443e-04  2.22762e-04  3.32008e-04  4.26665e-04  5.13064e-04  5.58643e-04  5.72442e-04  5.98666e-04  5.43665e-04  5.00200e-04  4.26096e-04  4.00549e-04  3.42631e-04  3.10126e-04  2.68326e-04  2.18128e-04  1.72169e-04  1.34147e-04  1.01655e-04  7.81907e-05  4.18354e-05  3.62235e-05  1.68859e-05  3.96369e-06  
8.81646e-05  2.23903e-04  4.28286e-04  5.99155e-04  7.31707e-04  8.13935e-04  8.66344e-04  1.12487e-03  1.83725e-03  2.47570e-03  1.72543e-03  9.68947e-04  7.33527e-04  6.86170e-04  6.34966e-04  5.43087e-04  4.67543e-04  3.83051e-04  3.19052e-04  2.60181e-04  2.10532e-04  1.43319e-04  1.10314e-04  7.86265e-05  1.18503e-05  1.02402e-04  2.10392e-04  3.72370e-04  5.46617e-04  7.48984e-04  9.34418e-04  9.55811e-04  7.38300e-04  5.04837e-04  5.14037e-04  4.12903e-04  5.68927e-04  7.53540e-04  7.21922e-04  5.76415e-04  4.41088e-04  3.60976e-04  2.91415e-04  2.33620e-04  1.82714e-04  1.44973e-04  1.05849e-04  8.66769e-05  6.17463e-05  1.36710e-05  1.88572e-05  7.08849e-05  1.75910e-04  2.79337e-04  3.71596e-04  4.61848e-04  5.14491e-04  5.40010e-04  5.41386e-04  5.50725e-04  4.86884e-04  4.26672e-04  3.79945e-04  3.53300e-04  3.04743e-04  2.82767e-04  2.23562e-04  1.89257e-04  1.32845e-04  1.15545e-04  8.46861e-05  5.71953e-05  4.24552e-05  2.50581e-05  5.78275e-06  
7.01202e-05  1.86493e-04  3.72272e-04  5.34271e-04  6.75194e-04  7.91691e-04  8.34121e-04  8.54729e-04  1.07317e-03  1.72543e-03  2.31355e-03  1.56464e-03  8.39297e-04  6.22467e-04  5.54043e-04  5.25003e-04  4.60391e-04  3.90664e-04  3.09431e-04  2.62368e-04  2.13316e-04  1.56912e-04  1.14920e-04  8.54007e-05  1.30817e-05  7.78251e-05  1.76986e-04  3.30533e-04  4.79151e-04  6.35879e-04  8.16521e-04  9.60515e-04  9.45886e-04  7.02152e-04  4.42822e-04  4.23042e-04  3.11731e-04  4.83582e-04  6.83848e-04  6.34199e-04  4.83104e-04  3.52584e-04  2.81107e-04  2.24414e-04  1.83813e-04  1.43144e-04  1.07352e-04  8.46577e-05  6.35084e-05  1.38985e-05  1.24179e-06  3.89511e-05  1.32395e-04  2.26321e-04  3.15351e-04  4.03155e-04  4.60586e-04  4.90274e-04  5.06504e-04  4.87904e-04  4.97595e-04  4.00881e-04  3.76745e-04  3.31398e-04  3.16499e-04  2.68378e-04  2.42166e-04  1.87234e-04  1.45407e-04  1.13226e-04  1.02436e-04  6.03391e-05  5.61259e-05  2.80053e-05  7.42321e-06  
6.93011e-05  1.74911e-04  3.44318e-04  4.89886e-04  6.22001e-04  7.50040e-04  8.28980e-04  8.32295e-04  8.13788e-04  9.68947e-04  1.56464e-03  2.10960e-03  1.38573e-03  6.86966e-04  4.70327e-04  4.21003e-04  4.37052e-04  3.76878e-04  3.08392e-04  2.47869e-04  2.12479e-04  1.49822e-04  1.18537e-04  8.41113e-05  1.22412e-05  6.92575e-05  1.63919e-04  3.13309e-04  4.53184e-04  5.82147e-04  7.15616e-04  8.51737e-04  9.53379e-04  9.09100e-04  6.31699e-04  3.43341e-04  3.02516e-04  2.11941e-04  4.08836e-04  6.04393e-04  5.41125e-04  3.95186e-04  2.67749e-04  2.09824e-04  1.74825e-04  1.45590e-04  1.02941e-04  8.44700e-05  6.18557e-05  1.31806e-05  1.81869e-06  3.40432e-05  1.18734e-04  2.00956e-04  2.85302e-04  3.65699e-04  4.12608e-04  4.53282e-04  4.62583e-04  4.59779e-04  4.26947e-04  4.16789e-04  3.43478e-04  3.24634e-04  2.89577e-04  2.70286e-04  2.18139e-04  2.00645e-04  1.31079e-04  1.21877e-04  9.50575e-05  7.16237e-05  4.87558e-05  3.66403e-05  7.20748e-06  
7.13926e-05  1.71420e-04  3.24904e-04  4.53019e-04  5.70971e-04  6.90237e-04  7.78709e-04  8.23338e-04  7.87745e-04  7.33527e-04  8.39297e-04  1.38573e-03  1.88966e-03  1.18091e-03  5.00031e-04  3.43312e-04  3.39622e-04  3.57198e-04  2.94577e-04  2.46336e-04  1.98095e-04  1.46470e-04  1.07581e-04  8.40264e-05  1.22373e-05  7.12595e-05  1.61574e-04  3.04093e-04  4.37170e-04  5.54751e-04  6.56633e-04  7.44214e-04  8.42839e-04  9.11707e-04  8.36385e-04  5.21422e-04  2.08569e-04  1.67131e-04  1.04452e-04  3.12978e-04  5.19830e-04  4.53691e-04  2.99856e-04  1.84988e-04  1.54187e-04  1.35514e-04  1.04221e-04  7.74035e-05  5.91761e-05  1.33764e-05  8.18847e-06  4.05854e-05  1.16947e-04  1.88230e-04  2.64750e-04  3.32767e-04  3.78226e-04  4.08583e-04  4.30568e-04  4.09618e-04  4.08876e-04  3.44774e-04  3.57968e-04  2.88458e-04  2.78403e-04  2.43386e-04  2.16788e-04  1.78779e-04  1.38176e-04  1.03865e-04  1.04420e-04  5.96618e-05  5.62485e-05  3.12895e-05  7.47537e-06  
6.26603e-05  1.49965e-04  2.81182e-04  3.92109e-04  4.95432e-04  5.96957e-04  6.81141e-04  7.36216e-04  7.52804e-04  6.86170e-04  6.22467e-04  6.86966e-04  1.18091e-03  1.64231e-03  9.99079e-04  3.87271e-04  2.70413e-04  2.75005e-04  2.80125e-04  2.43237e-04  1.97242e-04  1.37372e-04  1.05795e-04  7.92205e-05  1.31762e-05  6.91307e-05  1.48413e-04  2.72955e-04  3.92039e-04  4.99474e-04  5.86826e-04  6.47743e-04  7.03128e-04  7.79976e-04  8.25166e-04  7.36515e-04  4.02360e-04  8.79347e-05  5.98205e-05  4.43241e-05  2.66404e-04  4.51093e-04  3.58520e-04  1.99854e-04  1.21992e-04  1.15273e-04  1.00483e-04  7.85746e-05  5.35547e-05  1.24816e-05  8.33737e-06  3.50146e-05  9.82954e-05  1.59682e-04  2.22043e-04  2.85168e-04  3.23893e-04  3.60423e-04  3.69776e-04  3.75856e-04  3.58067e-04  3.32615e-04  2.76903e-04  3.12278e-04  2.46914e-04  2.27550e-04  2.11148e-04  1.72497e-04  1.28268e-04  1.08623e-04  9.75262e-05  6.90643e-05  5.32387e-05  3.57826e-05  8.34133e-06  
4.43183e-05  1.11592e-04  2.15837e-04  3.13873e-04  4.05006e-04  4.89240e-04  5.55796e-04  6.13261e-04  6.43025e-04  6.34966e-04  5.54043e-04  4.70327e-04  5.00031e-04  9.99079e-04  1.53365e-03  9.14662e-04  2.84758e-04  2.01361e-04  1.99633e-04  2.33318e-04  1.87863e-04  1.35019e-04  8.82867e-05  6.97538e-05  1.53721e-05  5.73302e-05  1.18956e-04  2.13871e-04  3.12736e-04  4.06235e-04  4.84602e-04  5.34204e-04  5.64072e-04  5.92985e-04  6.46702e-04  6.82629e-04  6.06582e-04  3.05615e-04  5.09835e-05  8.64992e-05  6.16155e-05  2.19068e-04  3.67753e-04  2.45676e-04  1.20113e-04  7.37729e-05  8.28635e-05  7.28038e-05  5.21511e-05  1.22500e-05  2.09327e-06  1.89401e-05  7.28530e-05  1.24046e-04  1.80943e-04  2.36120e-04  2.76224e-04  3.07340e-04  3.28054e-04  3.25368e-04  3.28129e-04  2.94966e-04  2.58915e-04  2.53039e-04  2.59548e-04  2.01021e-04  2.02727e-04  1.57244e-04  1.29777e-04  9.22664e-05  1.07029e-04  5.75878e-05  6.26032e-05  2.94918e-05  9.38596e-06  
3.07706e-05  8.00252e-05  1.62043e-04  2.48528e-04  3.30210e-04  3.99049e-04  4.54254e-04  4.99909e-04  5.39032e-04  5.43087e-04  5.25003e-04  4.21003e-04  3.43312e-04  3.87271e-04  9.14662e-04  1.38593e-03  7.37852e-04  1.91688e-04  1.41762e-04  1.59629e-04  1.82146e-04  1.31617e-04  8.43391e-05  5.65197e-05  1.53115e-05  4.90161e-05  9.44647e-05  1.66876e-04  2.48548e-04  3.29774e-04  3.99491e-04  4.49001e-04  4.74007e-04  4.83158e-04  4.85515e-04  5.22529e-04  5.57279e-04  5.24402e-04  2.77727e-04  6.72520e-05  6.34415e-05  -1.21132e-05  1.45325e-04  2.81544e-04  1.73420e-04  6.88416e-05  4.48388e-05  6.24809e-05  5.39674e-05  1.00931e-05  -1.62292e-06  5.13437e-06  5.00769e-05  9.37183e-05  1.43213e-04  1.95249e-04  2.28408e-04  2.66605e-04  2.77218e-04  2.90659e-04  2.84880e-04  2.66252e-04  2.29624e-04  2.31525e-04  2.06807e-04  2.11215e-04  1.81969e-04  1.43406e-04  1.17966e-04  9.26984e-05  8.94446e-05  6.99077e-05  4.64500e-05  3.75196e-05  9.09108e-06  
2.18417e-05  5.85931e-05  1.21589e-04  1.94845e-04  2.66693e-04  3.25336e-04  3.71501e-04  4.17271e-04  4.47292e-04  4.67543e-04  4.60391e-04  4.37052e-04  3.39622e-04  2.70413e-04  2.84758e-04  7.37852e-04  1.17938e-03  5.94104e-04  1.20011e-04  1.15605e-04  1.29537e-04  1.36696e-04  9.93129e-05  5.18891e-05  1.59163e-05  4.14113e-05  7.47883e-05  1.33656e-04  2.01925e-04  2.71434e-04  3.34215e-04  3.82577e-04  4.16352e-04  4.25423e-04  4.15989e-04  3.97871e-04  4.18683e-04  4.58650e-04  4.50102e-04  2.11955e-04  -2.29118e-05  -3.88694e-05  -8.47595e-05  1.04056e-04  2.49863e-04  1.34854e-04  3.77577e-05  3.60483e-05  4.36788e-05  1.20294e-05  -4.98422e-06  -6.37773e-06  2.89512e-05  6.16971e-05  1.05510e-04  1.48747e-04  1.83370e-04  2.16153e-04  2.40111e-04  2.41541e-04  2.62921e-04  2.29665e-04  2.14034e-04  2.05175e-04  2.02870e-04  1.69907e-04  1.91349e-04  1.54012e-04  9.07649e-05  1.06138e-04  8.68963e-05  6.72098e-05  5.70334e-05  3.24923e-05  1.01166e-05  
2.13797e-05  5.40087e-05  1.03209e-04  1.62715e-04  2.23812e-04  2.69670e-04  3.07924e-04  3.45905e-04  3.77716e-04  3.83051e-04  3.90664e-04  3.76878e-04  3.57198e-04  2.75005e-04  2.01361e-04  1.91688e-04  5.94104e-04  9.85825e-04  4.53199e-04  7.24263e-05  8.57208e-05  8.16915e-05  1.02424e-04  7.57076e-05  1.19804e-05  4.02126e-05  6.99100e-05  1.20040e-04  1.77865e-04  2.37409e-04  2.90385e-04  3.33495e-04  3.66049e-04  3.85224e-04  3.76666e-04  3.52452e-04  3.19133e-04  3.35529e-04  3.88190e-04  3.91862e-04  1.61761e-04  -7.97289e-05  -1.08664e-04  -1.26593e-04  9.87316e-05  2.34956e-04  1.00814e-04  1.06353e-05  9.07766e-06  1.48396e-05  -1.53663e-06  -2.38414e-06  2.55593e-05  4.77819e-05  8.56852e-05  1.20173e-04  1.43042e-04  1.80849e-04  1.98027e-04  2.07703e-04  2.13376e-04  2.12479e-04  1.81852e-04  1.83930e-04  1.80445e-04  1.57688e-04  1.45637e-04  1.60288e-04  1.01345e-04  6.76727e-05  1.05402e-04  5.51415e-05  5.10826e-05  3.75136e-05  9.08076e-06  
2.52940e-05  5.58467e-05  9.76001e-05  1.47062e-04  1.95276e-04  2.31770e-04  2.60519e-04  2.92049e-04  3.10574e-04  3.19052e-04  3.09431e-04  3.08392e-04  2.94577e-04  2.80125e-04  1.99633e-04  1.41762e-04  1.20011e-04  4.53199e-04  7.98845e-04  3.33781e-04  1.74006e-05  3.32313e-05  5.34680e-05  8.29152e-05  9.67792e-06  4.04386e-05  6.79454e-05  1.08677e-04  1.56126e-04  2.03793e-04  2.45094e-04  2.76899e-04  3.02201e-04  3.16218e-04  3.19511e-04  2.96942e-04  2.59067e-04  2.19239e-04  2.36933e-04  2.94925e-04  3.21146e-04  1.08098e-04  -1.45838e-04  -1.77007e-04  -1.46121e-04  9.91718e-05  1.93872e-04  3.74137e-05  -2.47643e-05  1.39069e-05  5.23969e-06  7.68648e-06  2.97653e-05  4.70928e-05  7.49945e-05  9.96404e-05  1.19181e-04  1.41863e-04  1.60741e-04  1.58040e-04  1.75745e-04  1.55916e-04  1.49727e-04  1.41165e-04  1.38184e-04  1.28998e-04  1.16700e-04  1.00532e-04  9.68810e-05  6.80277e-05  4.88070e-05  7.33762e-05  1.95028e-05  3.79889e-05  6.84985e-06  
2.03954e-05  4.05820e-05  7.34982e-05  1.08895e-04  1.46758e-04  1.77288e-04  2.04506e-04  2.31676e-04  2.56431e-04  2.60181e-04  2.62368e-04  2.47869e-04  2.46336e-04  2.43237e-04  2.33318e-04  1.59629e-04  1.15605e-04  7.24263e-05  3.33781e-04  6.57878e-04  2.51193e-04  -7.98198e-06  3.77483e-05  1.16132e-05  1.54093e-05  3.08456e-05  5.19521e-05  8.34913e-05  1.20572e-04  1.60512e-04  1.93950e-04  2.21026e-04  2.42655e-04  2.59417e-04  2.61414e-04  2.55034e-04  2.26588e-04  1.90415e-04  1.59836e-04  1.80754e-04  2.43546e-04  2.88088e-04  9.14859e-05  -1.67221e-04  -1.87888e-04  -1.36647e-04  8.45163e-05  1.57907e-04  2.80640e-05  1.14922e-06  2.50573e-06  -2.44398e-07  1.28317e-05  2.49438e-05  4.30452e-05  6.44511e-05  8.16703e-05  1.05181e-04  1.14647e-04  1.30541e-04  1.36154e-04  1.34838e-04  1.09871e-04  1.26264e-04  1.18680e-04  1.00473e-04  1.18875e-04  8.83763e-05  5.95661e-05  7.86276e-05  6.81860e-05  1.83338e-05  7.41075e-05  -1.25663e-06  8.68699e-06  
1.07108e-05  1.85386e-05  3.90711e-05  6.41784e-05  8.96179e-05  1.17244e-04  1.43840e-04  1.73490e-04  1.93670e-04  2.10532e-04  2.13316e-04  2.12479e-04  1.98095e-04  1.97242e-04  1.87863e-04  1.82146e-04  1.29537e-04  8.57208e-05  1.74006e-05  2.51193e-04  5.73990e-04  2.14605e-04  -5.89529e-05  -1.53337e-07  1.57248e-05  1.50819e-05  2.61479e-05  4.97362e-05  7.92160e-05  1.10303e-04  1.41529e-04  1.67303e-04  1.89189e-04  2.03963e-04  2.15247e-04  2.13148e-04  2.01990e-04  1.76812e-04  1.48951e-04  1.15131e-04  1.25481e-04  1.92130e-04  2.58535e-04  9.45088e-05  -1.41712e-04  -1.67270e-04  -1.09803e-04  1.15503e-04  1.93096e-04  -1.45534e-05  -4.95453e-06  -1.57009e-05  -9.02652e-06  -3.85871e-06  1.36407e-05  3.04189e-05  4.67579e-05  7.15480e-05  9.03575e-05  9.63522e-05  1.21445e-04  1.09634e-04  1.07923e-04  1.00520e-04  1.14616e-04  9.75324e-05  9.29674e-05  1.09971e-04  5.12509e-05  5.78136e-05  7.31042e-05  6.20597e-05  3.31265e-06  5.97844e-05  4.90316e-06  
5.60644e-06  5.45028e-06  1.70746e-05  3.13727e-05  4.79404e-05  6.76171e-05  8.98055e-05  1.11817e-04  1.32949e-04  1.43319e-04  1.56912e-04  1.49822e-04  1.46470e-04  1.37372e-04  1.35019e-04  1.31617e-04  1.36696e-04  8.16915e-05  3.32313e-05  -7.98198e-06  2.14605e-04  4.15236e-04  1.00734e-04  -4.86952e-05  1.40315e-05  6.11359e-06  8.27188e-06  2.29889e-05  4.07897e-05  6.13325e-05  8.37255e-05  1.03774e-04  1.20585e-04  1.34879e-04  1.40225e-04  1.43636e-04  1.33961e-04  1.29012e-04  1.20717e-04  1.02230e-04  6.80695e-05  6.91631e-05  1.26739e-04  2.03639e-04  7.58529e-05  -1.29232e-04  -1.49625e-04  -4.72530e-05  8.89117e-05  9.93112e-06  -5.96575e-06  -1.95163e-05  -1.84266e-05  -1.62255e-05  -6.12974e-06  7.30068e-06  1.94397e-05  4.21704e-05  5.14165e-05  6.87458e-05  7.93107e-05  8.55697e-05  6.36417e-05  8.63573e-05  7.36229e-05  7.65849e-05  8.24233e-05  5.86046e-05  6.93534e-05  2.76532e-05  5.60606e-05  4.11763e-05  4.35454e-05  3.86221e-06  7.61273e-06  
4.62805e-06  2.35239e-06  1.09991e-05  2.08257e-05  3.14293e-05  4.76264e-05  6.50326e-05  8.30637e-05  9.55994e-05  1.10314e-04  1.14920e-04  1.18537e-04  1.07581e-04  1.05795e-04  8.82867e-05  8.43391e-05  9.93129e-05  1.02424e-04  5.34680e-05  3.77483e-05  -5.89529e-05  1.00734e-04  3.36652e-04  8.91551e-05  -8.70149e-06  4.29481e-06  6.56126e-06  1.60480e-05  2.96665e-05  4.54151e-05  6.20023e-05  7.67676e-05  9.06427e-05  1.00527e-04  1.08568e-04  1.06022e-04  9.94688e-05  8.72116e-05  8.80047e-05  8.40914e-05  7.18901e-05  4.27033e-05  1.74006e-05  4.87059e-05  1.62025e-04  9.79381e-05  -7.15460e-05  -1.76438e-04  -2.08270e-04  4.26920e-05  -5.00545e-06  -1.68923e-05  -1.81464e-05  -1.68729e-05  -1.19939e-05  -2.50215e-06  9.91610e-06  2.29269e-05  3.32337e-05  4.31964e-05  6.34331e-05  4.96303e-05  5.39771e-05  4.87800e-05  6.80762e-05  4.52366e-05  6.19617e-05  6.18544e-05  1.09669e-05  6.94503e-05  9.62548e-06  3.17866e-05  4.93379e-05  -6.55414e-06  5.91854e-06  
3.93962e-06  4.60046e-06  1.20259e-05  1.90149e-05  2.73502e-05  3.87539e-05  5.04117e-05  6.30131e-05  7.35581e-05  7.86265e-05  8.54007e-05  8.41113e-05  8.40264e-05  7.92205e-05  6.97538e-05  5.65197e-05  5.18891e-05  7.57076e-05  8.29152e-05  1.16132e-05  -1.53337e-07  -4.86952e-05  8.91551e-05  3.35485e-04  -3.58530e-05  7.31183e-06  1.39025e-05  2.57393e-05  4.06868e-05  5.66685e-05  7.14750e-05  8.42627e-05  9.58525e-05  1.05288e-04  1.09633e-04  1.10281e-04  1.02621e-04  9.42334e-05  8.78115e-05  8.78530e-05  8.66312e-05  6.37079e-05  1.78949e-05  -1.07476e-05  5.35440e-05  2.08604e-04  8.07615e-05  -2.21138e-04  -1.59989e-04  1.32602e-05  -3.26943e-06  -1.02833e-05  -9.48145e-06  -1.06789e-05  -2.88624e-06  2.34610e-06  6.38436e-06  2.06629e-05  2.84950e-05  3.28021e-05  3.97197e-05  4.78976e-05  3.65091e-05  4.56254e-05  3.87472e-05  4.40168e-05  3.82482e-05  3.72175e-05  4.45124e-05  -6.47061e-06  6.31770e-05  5.16078e-06  -1.54259e-06  4.85965e-05  -4.43804e-07  
1.72096e-07  -1.19202e-06  -1.94712e-06  -5.55641e-08  2.35932e-06  3.44653e-06  4.84013e-06  7.25677e-06  1.01143e-05  1.18503e-05  1.30817e-05  1.22412e-05  1.22373e-05  1.31762e-05  1.53721e-05  1.53115e-05  1.59163e-05  1.19804e-05  9.67792e-06  1.54093e-05  1.57248e-05  1.40315e-05  -8.70149e-06  -3.58530e-05  2.07486e-05  2.17411e-06  1.09686e-06  6.47972e-07  1.70217e-06  3.53231e-06  5.49405e-06  7.69407e-06  9.89340e-06  1.18623e-05  1.31024e-05  1.40446e-05  1.34972e-05  1.27924e-05  1.18600e-05  1.12099e-05  1.00440e-05  1.16975e-05  1.25257e-05  8.93912e-06  -2.14032e-06  -1.32214e-05  7.65271e-06  3.72017e-05  1.89269e-05  -2.83471e-06  -4.23301e-07  -3.31705e-06  -3.92400e-06  -4.39676e-06  -3.67025e-06  -2.34420e-06  -8.24723e-07  2.05045e-06  3.62419e-06  5.91085e-06  8.51925e-06  8.76029e-06  7.17628e-06  9.21719e-06  9.57374e-06  8.56725e-06  1.04844e-05  8.83665e-06  6.07080e-06  7.77125e-06  3.12421e-06  1.06067e-05  2.86785e-07  4.20587e-06  1.42940e-06  
-4.41047e-04  -1.73834e-04  2.99511e-04  4.00326e-04  2.77930e-04  1.89434e-04  1.46777e-04  1.28448e-04  1.19168e-04  1.02402e-04  7.78251e-05  6.92575e-05  7.12595e-05  6.91307e-05  5.73302e-05  4.90161e-05  4.14113e-05  4.02126e-05  4.04386e-05  3.08456e-05  1.50819e-05  6.11359e-06  4.29481e-06  7.31183e-06  2.17411e-06  2.58774e-03  1.28839e-03  3.29452e-04  2.05525e-04  4.23010e-04  6.16020e-04  6.78550e-04  6.55768e-04  6.03704e-04  5.44411e-04  4.84988e-04  4.39605e-04  4.01742e-04  3.58521e-04  3.02928e-04  2.44504e-04  1.90530e-04  1.52274e-04  1.28590e-04  1.09178e-04  8.75377e-05  6.58030e-05  4.43006e-05  2.58187e-05  9.52500e-06  2.26590e-04  2.15246e-04  2.10907e-04  2.14495e-04  1.83735e-04  1.55491e-04  1.27706e-04  8.68636e-05  7.26394e-05  5.05699e-05  2.32735e-05  2.18841e-05  3.21194e-05  2.78603e-05  1.81450e-05  1.26416e-05  6.94564e-06  6.32673e-06  1.38626e-05  9.12808e-06  1.43643e-06  -2.01503e-06  -4.03229e-07  -3.78806e-06  1.23553e-06  
-2.59253e-04  -1.27574e-04  -5.35595e-05  2.71661e-04  4.28442e-04  3.87163e-04  3.12817e-04  2.56748e-04  2.33531e-04  2.10392e-04  1.76986e-04  1.63919e-04  1.61574e-04  1.48413e-04  1.18956e-04  9.44647e-05  7.47883e-05  6.99100e-05  6.79454e-05  5.19521e-05  2.61479e-05  8.27188e-06  6.56126e-06  1.39025e-05  1.09686e-06  1.28839e-03  1.82654e-03  1.69922e-03  1.18136e-03  8.96198e-04  9.11429e-04  1.03177e-03  1.09400e-03  1.06922e-03  9.80585e-04  8.71842e-04  7.81046e-04  7.06712e-04  6.27382e-04  5.31427e-04  4.33060e-04  3.43223e-04  2.76626e-04  2.29778e-04  1.89233e-04  1.50779e-04  1.12352e-04  7.46890e-05  4.34797e-05  1.51593e-05  2.16228e-04  2.94035e-04  3.02648e-04  3.13983e-04  2.87300e-04  2.54259e-04  2.25935e-04  1.71648e-04  1.54605e-04  1.18926e-04  7.55303e-05  6.78113e-05  7.83985e-05  6.67892e-05  4.81035e-05  3.47663e-05  2.04992e-05  1.73848e-05  2.63172e-05  1.58670e-05  2.41760e-06  -6.29943e-06  -2.67534e-06  -6.96596e-06  4.71690e-08  
2.22311e-04  -9.03862e-05  -1.33228e-04  -3.67152e-05  3.28465e-04  5.57277e-04  5.48606e-04  4.71909e-04  4.15024e-04  3.72370e-04  3.30533e-04  3.13309e-04  3.04093e-04  2.72955e-04  2.13871e-04  1.66876e-04  1.33656e-04  1.20040e-04  1.08677e-04  8.34913e-05  4.97362e-05  2.29889e-05  1.60480e-05  2.57393e-05  6.47972e-07  3.29452e-04  1.69922e-03  2.98244e-03  2.82934e-03  2.07951e-03  1.61051e-03  1.53999e-03  1.63593e-03  1.67893e-03  1.59961e-03  1.43964e-03  1.27954e-03  1.14324e-03  1.01201e-03  8.63193e-04  7.09671e-04  5.65252e-04  4.54018e-04  3.74503e-04  3.08173e-04  2.41367e-04  1.76625e-04  1.20704e-04  7.45483e-05  2.27971e-05  1.92326e-04  3.17978e-04  3.81430e-04  3.99000e-04  3.91386e-04  3.73585e-04  3.48602e-04  2.95519e-04  2.76107e-04  2.29405e-04  1.71199e-04  1.51190e-04  1.56500e-04  1.31822e-04  1.03819e-04  8.20379e-05  5.46093e-05  4.48065e-05  4.87815e-05  3.11795e-05  1.16178e-05  -4.41575e-06  7.04220e-08  -7.32848e-06  -2.96696e-07  
3.70190e-04  2.39966e-04  -6.14830e-05  -6.26773e-05  5.07998e-05  4.15269e-04  6.69416e-04  6.92055e-04  6.28204e-04  5.46617e-04  4.79151e-04  4.53184e-04  4.37170e-04  3.92039e-04  3.12736e-04  2.48548e-04  2.01925e-04  1.77865e-04  1.56126e-04  1.20572e-04  7.92160e-05  4.07897e-05  2.96665e-05  4.06868e-05  1.70217e-06  2.05525e-04  1.18136e-03  2.82934e-03  4.10426e-03  3.87783e-03  2.97905e-03  2.33590e-03  2.13279e-03  2.14068e-03  2.10211e-03  1.94969e-03  1.75202e-03  1.56041e-03  1.37482e-03  1.17447e-03  9.71755e-04  7.80440e-04  6.27929e-04  5.13722e-04  4.18624e-04  3.29147e-04  2.40776e-04  1.64791e-04  1.02283e-04  3.12638e-05  1.81108e-04  3.05924e-04  3.90950e-04  4.49388e-04  4.60445e-04  4.64890e-04  4.55470e-04  4.09430e-04  3.95256e-04  3.39877e-04  2.74955e-04  2.42112e-04  2.38431e-04  2.00155e-04  1.65334e-04  1.37406e-04  9.67755e-05  7.92627e-05  7.46356e-05  4.88755e-05  2.69268e-05  2.77769e-06  6.46049e-06  -4.33904e-06  3.74519e-07  
2.51138e-04  4.19516e-04  2.98367e-04  1.11639e-05  6.82904e-05  1.72561e-04  5.08699e-04  7.80141e-04  8.36221e-04  7.48984e-04  6.35879e-04  5.82147e-04  5.54751e-04  4.99474e-04  4.06235e-04  3.29774e-04  2.71434e-04  2.37409e-04  2.03793e-04  1.60512e-04  1.10303e-04  6.13325e-05  4.54151e-05  5.66685e-05  3.53231e-06  4.23010e-04  8.96198e-04  2.07951e-03  3.87783e-03  5.18630e-03  4.87908e-03  3.78703e-03  2.91201e-03  2.52711e-03  2.40401e-03  2.29096e-03  2.12116e-03  1.91371e-03  1.68540e-03  1.43616e-03  1.19012e-03  9.60936e-04  7.75135e-04  6.30252e-04  5.11327e-04  4.03712e-04  2.96912e-04  2.02761e-04  1.25767e-04  3.88389e-05  1.52774e-04  2.73693e-04  3.76069e-04  4.55040e-04  5.09182e-04  5.31915e-04  5.35045e-04  5.07805e-04  4.97799e-04  4.38541e-04  3.70870e-04  3.29742e-04  3.15803e-04  2.64872e-04  2.25857e-04  1.92279e-04  1.40468e-04  1.17238e-04  1.01452e-04  6.80391e-05  4.56731e-05  1.35958e-05  1.49563e-05  1.18619e-06  1.59625e-06  
1.46978e-04  4.01090e-04  5.54101e-04  3.55422e-04  1.22009e-04  2.25386e-04  2.98944e-04  6.11141e-04  8.97507e-04  9.34418e-04  8.16521e-04  7.15616e-04  6.56633e-04  5.86826e-04  4.84602e-04  3.99491e-04  3.34215e-04  2.90385e-04  2.45094e-04  1.93950e-04  1.41529e-04  8.37255e-05  6.20023e-05  7.14750e-05  5.49405e-06  6.16020e-04  9.11429e-04  1.61051e-03  2.97905e-03  4.87908e-03  6.14510e-03  5.66892e-03  4.33923e-03  3.23102e-03  2.66424e-03  2.44690e-03  2.32791e-03  2.16734e-03  1.93328e-03  1.64635e-03  1.35811e-03  1.09453e-03  8.81584e-04  7.15863e-04  5.81774e-04  4.61662e-04  3.39836e-04  2.33955e-04  1.46778e-04  4.38533e-05  1.24425e-04  2.28575e-04  3.46805e-04  4.41145e-04  5.19736e-04  5.78724e-04  5.90625e-04  5.79880e-04  5.77653e-04  5.17720e-04  4.52988e-04  4.03428e-04  3.79202e-04  3.20911e-04  2.78928e-04  2.41618e-04  1.81847e-04  1.52830e-04  1.25528e-04  8.66711e-05  6.50663e-05  2.60590e-05  2.51459e-05  7.54281e-06  3.28599e-06  
9.38152e-05  3.30410e-04  5.78202e-04  6.35957e-04  4.43262e-04  2.62068e-04  3.65456e-04  4.04339e-04  7.04745e-04  9.55811e-04  9.60515e-04  8.51737e-04  7.44214e-04  6.47743e-04  5.34204e-04  4.49001e-04  3.82577e-04  3.33495e-04  2.76899e-04  2.21026e-04  1.67303e-04  1.03774e-04  7.67676e-05  8.42627e-05  7.69407e-06  6.78550e-04  1.03177e-03  1.53999e-03  2.33590e-03  3.78703e-03  5.66892e-03  6.78974e-03  6.10613e-03  4.56053e-03  3.25571e-03  2.58047e-03  2.36099e-03  2.26195e-03  2.08464e-03  1.79621e-03  1.47758e-03  1.18298e-03  9.49486e-04  7.69860e-04  6.28942e-04  5.02486e-04  3.71537e-04  2.57120e-04  1.62222e-04  4.70590e-05  9.66388e-05  1.88141e-04  3.10937e-04  4.16314e-04  5.12414e-04  5.84468e-04  6.22244e-04  6.20561e-04  6.23042e-04  5.67776e-04  5.09343e-04  4.53001e-04  4.23241e-04  3.59162e-04  3.19971e-04  2.76871e-04  2.16629e-04  1.81027e-04  1.45356e-04  1.01976e-04  8.35015e-05  3.78716e-05  3.60728e-05  1.36961e-05  5.17937e-06  
7.71950e-05  2.65824e-04  5.05282e-04  6.83704e-04  7.26199e-04  5.59641e-04  3.74147e-04  4.65936e-04  4.91497e-04  7.38300e-04  9.45886e-04  9.53379e-04  8.42839e-04  7.03128e-04  5.64072e-04  4.74007e-04  4.16352e-04  3.66049e-04  3.02201e-04  2.42655e-04  1.89189e-04  1.20585e-04  9.06427e-05  9.58525e-05  9.89340e-06  6.55768e-04  1.09400e-03  1.63593e-03  2.13279e-03  2.91201e-03  4.33923e-03  6.10613e-03  7.05089e-03  6.19035e-03  4.47842e-03  3.07353e-03  2.39306e-03  2.19780e-03  2.09102e-03  1.86467e-03  1.55163e-03  1.23987e-03  9.88305e-04  7.98568e-04  6.55164e-04  5.28482e-04  3.92796e-04  2.73021e-04  1.72261e-04  4.89132e-05  7.09415e-05  1.48294e-04  2.73223e-04  3.78200e-04  4.87435e-04  5.70146e-04  6.07317e-04  6.39019e-04  6.38851e-04  5.88431e-04  5.37699e-04  4.86133e-04  4.47403e-04  3.85455e-04  3.45810e-04  3.03533e-04  2.40815e-04  2.07822e-04  1.60114e-04  1.16513e-04  1.00131e-04  5.16355e-05  4.54754e-05  2.21060e-05  6.97444e-06  
7.18917e-05  2.30781e-04  4.30055e-04  6.13759e-04  7.83947e-04  8.30501e-04  6.40421e-04  4.47788e-04  5.37704e-04  5.04837e-04  7.02152e-04  9.09100e-04  9.11707e-04  7.79976e-04  5.92985e-04  4.83158e-04  4.25423e-04  3.85224e-04  3.16218e-04  2.59417e-04  2.03963e-04  1.34879e-04  1.00527e-04  1.05288e-04  1.18623e-05  6.03704e-04  1.06922e-03  1.67893e-03  2.14068e-03  2.52711e-03  3.23102e-03  4.56053e-03  6.19035e-03  6.99040e-03  5.99548e-03  4.19926e-03  2.77880e-03  2.11730e-03  1.93178e-03  1.78805e-03  1.55140e-03  1.25774e-03  9.98606e-04  7.96200e-04  6.55054e-04  5.33002e-04  4.00495e-04  2.77931e-04  1.75926e-04  4.91249e-05  4.97468e-05  1.14621e-04  2.34627e-04  3.35824e-04  4.48024e-04  5.34362e-04  5.76393e-04  6.10148e-04  6.37285e-04  5.77704e-04  5.43175e-04  4.90584e-04  4.56883e-04  3.87979e-04  3.62054e-04  3.10325e-04  2.58793e-04  2.21452e-04  1.71729e-04  1.23423e-04  1.15432e-04  6.07427e-05  5.52775e-05  2.83481e-05  8.53010e-06  
6.43022e-05  2.07373e-04  3.77233e-04  5.22286e-04  6.99477e-04  8.68585e-04  8.80578e-04  6.71645e-04  4.74471e-04  5.14037e-04  4.42822e-04  6.31699e-04  8.36385e-04  8.25166e-04  6.46702e-04  4.85515e-04  4.15989e-04  3.76666e-04  3.19511e-04  2.61414e-04  2.15247e-04  1.40225e-04  1.08568e-04  1.09633e-04  1.31024e-05  5.44411e-04  9.80585e-04  1.59961e-03  2.10211e-03  2.40401e-03  2.66424e-03  3.25571e-03  4.47842e-03  5.99548e-03  6.67020e-03  5.59240e-03  3.76585e-03  2.36283e-03  1.73150e-03  1.54161e-03  1.41576e-03  1.21610e-03  9.76200e-04  7.68494e-04  6.22971e-04  5.15719e-04  3.90018e-04  2.73156e-04  1.72047e-04  4.67610e-05  3.29789e-05  8.32395e-05  1.92713e-04  2.84120e-04  3.92853e-04  4.75727e-04  5.18376e-04  5.62691e-04  5.80224e-04  5.54581e-04  5.11779e-04  4.75165e-04  4.32527e-04  3.79688e-04  3.49385e-04  3.09221e-04  2.55043e-04  2.28497e-04  1.68931e-04  1.27945e-04  1.20246e-04  6.99283e-05  5.86513e-05  3.48457e-05  9.56445e-06  
5.40697e-05  1.84428e-04  3.36818e-04  4.49646e-04  5.85488e-04  7.56036e-04  8.89425e-04  8.76763e-04  6.50988e-04  4.12903e-04  4.23042e-04  3.43341e-04  5.21422e-04  7.36515e-04  6.82629e-04  5.22529e-04  3.97871e-04  3.52452e-04  2.96942e-04  2.55034e-04  2.13148e-04  1.43636e-04  1.06022e-04  1.10281e-04  1.40446e-05  4.84988e-04  8.71842e-04  1.43964e-03  1.94969e-03  2.29096e-03  2.44690e-03  2.58047e-03  3.07353e-03  4.19926e-03  5.59240e-03  6.15915e-03  5.03019e-03  3.20492e-03  1.85677e-03  1.26978e-03  1.14659e-03  1.07806e-03  9.30193e-04  7.32864e-04  5.83821e-04  4.80472e-04  3.69575e-04  2.59817e-04  1.66242e-04  4.34404e-05  1.94976e-05  5.74785e-05  1.52926e-04  2.30140e-04  3.32912e-04  4.06741e-04  4.46562e-04  4.93253e-04  5.22801e-04  4.82053e-04  4.80006e-04  4.31789e-04  4.05474e-04  3.44610e-04  3.34467e-04  2.83699e-04  2.49444e-04  2.17607e-04  1.68435e-04  1.19226e-04  1.26313e-04  6.94210e-05  6.31609e-05  3.66254e-05  1.02159e-05  
5.06841e-05  1.70585e-04  3.10000e-04  4.05473e-04  5.06352e-04  6.28628e-04  7.55266e-04  8.62582e-04  8.33190e-04  5.68927e-04  3.11731e-04  3.02516e-04  2.08569e-04  4.02360e-04  6.06582e-04  5.57279e-04  4.18683e-04  3.19133e-04  2.59067e-04  2.26588e-04  2.01990e-04  1.33961e-04  9.94688e-05  1.02621e-04  1.34972e-05  4.39605e-04  7.81046e-04  1.27954e-03  1.75202e-03  2.12116e-03  2.32791e-03  2.36099e-03  2.39306e-03  2.77880e-03  3.76585e-03  5.03019e-03  5.50593e-03  4.34652e-03  2.57891e-03  1.33406e-03  8.69159e-04  8.37978e-04  8.26384e-04  7.02402e-04  5.52764e-04  4.43427e-04  3.38541e-04  2.43875e-04  1.57043e-04  3.93884e-05  1.80582e-05  4.93963e-05  1.31841e-04  1.93685e-04  2.87828e-04  3.49702e-04  3.78374e-04  4.28456e-04  4.55530e-04  4.23532e-04  4.01604e-04  4.05834e-04  3.53404e-04  3.14189e-04  2.92636e-04  2.61475e-04  2.17286e-04  2.08560e-04  1.50499e-04  1.13358e-04  1.15348e-04  7.03153e-05  5.49876e-05  3.92051e-05  9.60566e-06  
