# ------------------------------------------------------------------------------------------------------------------
# Daya Bay Rate Evolution Data
# ------------------------------------------------------------------------------------------------------------------
# For 20 fuel evolution groups based on F239 values, the effective fission fractions of U235, U238, Pu239 and Pu241, 
# the isotope-aggregated IBD yield per fission in units of x10^-43 cm^2/fission are given as follows.
# ------------------------------------------------------------------------------------------------------------------

#Group No.  F235      F238      F239      F241      sigma_f
0           0.6564    0.0750    0.2310    0.0377    6.0475        
1           0.6483    0.0751    0.2378    0.0387    5.9732        
2           0.6384    0.0753    0.2456    0.0407    5.9713        
3           0.6306    0.0754    0.2521    0.0420    5.9536        
4           0.6232    0.0755    0.2584    0.0430    5.9351        
5           0.6145    0.0755    0.2650    0.0450    5.9369        
6           0.6061    0.0755    0.2713    0.0471    5.8980        
7           0.5978    0.0756    0.2782    0.0485    5.8982        
8           0.5898    0.0757    0.2843    0.0502    5.8707        
9           0.5812    0.0757    0.2908    0.0523    5.8735        
10           0.5722    0.0757    0.2974    0.0547    5.8770        
11           0.5640    0.0758    0.3040    0.0561    5.8351        
12           0.5556    0.0760    0.3108    0.0577    5.8226        
13           0.5475    0.0761    0.3175    0.0589    5.8196        
14           0.5387    0.0762    0.3236    0.0615    5.7965        
15           0.5305    0.0764    0.3304    0.0627    5.7969        
16           0.5209    0.0766    0.3374    0.0652    5.7826        
17           0.5127    0.0767    0.3434    0.0672    5.7943        
18           0.5041    0.0768    0.3495    0.0697    5.7639        
19           0.4928    0.0768    0.3562    0.0742    5.7039        



# ---------------------------------------------------------------------------------------------------------------------------
# The covariance matrix containing the statistic uncertainty of 20 groups IBD yield per fission in units of x10^-86 (cm^2/fission)^2
# ---------------------------------------------------------------------------------------------------------------------------

#Group No.  0             1             2             3             4             5             6             7             8             9             10            11            12            13            14            15            16            17            18            19          
0           1.3554e-03    0.0000e+00    0.0000e+00    0.0000e+00    0.0000e+00    0.0000e+00    0.0000e+00    0.0000e+00    0.0000e+00    0.0000e+00    0.0000e+00    0.0000e+00    0.0000e+00    0.0000e+00    0.0000e+00    0.0000e+00    0.0000e+00    0.0000e+00    0.0000e+00    0.0000e+00    
1           0.0000e+00    1.4788e-03    0.0000e+00    0.0000e+00    0.0000e+00    0.0000e+00    0.0000e+00    0.0000e+00    0.0000e+00    0.0000e+00    0.0000e+00    0.0000e+00    0.0000e+00    0.0000e+00    0.0000e+00    0.0000e+00    0.0000e+00    0.0000e+00    0.0000e+00    0.0000e+00    
2           0.0000e+00    0.0000e+00    7.6137e-04    0.0000e+00    0.0000e+00    0.0000e+00    0.0000e+00    0.0000e+00    0.0000e+00    0.0000e+00    0.0000e+00    0.0000e+00    0.0000e+00    0.0000e+00    0.0000e+00    0.0000e+00    0.0000e+00    0.0000e+00    0.0000e+00    0.0000e+00    
3           0.0000e+00    0.0000e+00    0.0000e+00    7.8993e-04    0.0000e+00    0.0000e+00    0.0000e+00    0.0000e+00    0.0000e+00    0.0000e+00    0.0000e+00    0.0000e+00    0.0000e+00    0.0000e+00    0.0000e+00    0.0000e+00    0.0000e+00    0.0000e+00    0.0000e+00    0.0000e+00    
4           0.0000e+00    0.0000e+00    0.0000e+00    0.0000e+00    7.3416e-04    0.0000e+00    0.0000e+00    0.0000e+00    0.0000e+00    0.0000e+00    0.0000e+00    0.0000e+00    0.0000e+00    0.0000e+00    0.0000e+00    0.0000e+00    0.0000e+00    0.0000e+00    0.0000e+00    0.0000e+00    
5           0.0000e+00    0.0000e+00    0.0000e+00    0.0000e+00    0.0000e+00    3.7263e-04    0.0000e+00    0.0000e+00    0.0000e+00    0.0000e+00    0.0000e+00    0.0000e+00    0.0000e+00    0.0000e+00    0.0000e+00    0.0000e+00    0.0000e+00    0.0000e+00    0.0000e+00    0.0000e+00    
6           0.0000e+00    0.0000e+00    0.0000e+00    0.0000e+00    0.0000e+00    0.0000e+00    1.5268e-04    0.0000e+00    0.0000e+00    0.0000e+00    0.0000e+00    0.0000e+00    0.0000e+00    0.0000e+00    0.0000e+00    0.0000e+00    0.0000e+00    0.0000e+00    0.0000e+00    0.0000e+00    
7           0.0000e+00    0.0000e+00    0.0000e+00    0.0000e+00    0.0000e+00    0.0000e+00    0.0000e+00    1.1968e-04    0.0000e+00    0.0000e+00    0.0000e+00    0.0000e+00    0.0000e+00    0.0000e+00    0.0000e+00    0.0000e+00    0.0000e+00    0.0000e+00    0.0000e+00    0.0000e+00    
8           0.0000e+00    0.0000e+00    0.0000e+00    0.0000e+00    0.0000e+00    0.0000e+00    0.0000e+00    0.0000e+00    9.7012e-05    0.0000e+00    0.0000e+00    0.0000e+00    0.0000e+00    0.0000e+00    0.0000e+00    0.0000e+00    0.0000e+00    0.0000e+00    0.0000e+00    0.0000e+00    
9           0.0000e+00    0.0000e+00    0.0000e+00    0.0000e+00    0.0000e+00    0.0000e+00    0.0000e+00    0.0000e+00    0.0000e+00    8.0418e-05    0.0000e+00    0.0000e+00    0.0000e+00    0.0000e+00    0.0000e+00    0.0000e+00    0.0000e+00    0.0000e+00    0.0000e+00    0.0000e+00    
10           0.0000e+00    0.0000e+00    0.0000e+00    0.0000e+00    0.0000e+00    0.0000e+00    0.0000e+00    0.0000e+00    0.0000e+00    0.0000e+00    7.1772e-05    0.0000e+00    0.0000e+00    0.0000e+00    0.0000e+00    0.0000e+00    0.0000e+00    0.0000e+00    0.0000e+00    0.0000e+00    
11           0.0000e+00    0.0000e+00    0.0000e+00    0.0000e+00    0.0000e+00    0.0000e+00    0.0000e+00    0.0000e+00    0.0000e+00    0.0000e+00    0.0000e+00    5.7859e-05    0.0000e+00    0.0000e+00    0.0000e+00    0.0000e+00    0.0000e+00    0.0000e+00    0.0000e+00    0.0000e+00    
12           0.0000e+00    0.0000e+00    0.0000e+00    0.0000e+00    0.0000e+00    0.0000e+00    0.0000e+00    0.0000e+00    0.0000e+00    0.0000e+00    0.0000e+00    0.0000e+00    7.6633e-05    0.0000e+00    0.0000e+00    0.0000e+00    0.0000e+00    0.0000e+00    0.0000e+00    0.0000e+00    
13           0.0000e+00    0.0000e+00    0.0000e+00    0.0000e+00    0.0000e+00    0.0000e+00    0.0000e+00    0.0000e+00    0.0000e+00    0.0000e+00    0.0000e+00    0.0000e+00    0.0000e+00    8.2755e-05    0.0000e+00    0.0000e+00    0.0000e+00    0.0000e+00    0.0000e+00    0.0000e+00    
14           0.0000e+00    0.0000e+00    0.0000e+00    0.0000e+00    0.0000e+00    0.0000e+00    0.0000e+00    0.0000e+00    0.0000e+00    0.0000e+00    0.0000e+00    0.0000e+00    0.0000e+00    0.0000e+00    8.0903e-05    0.0000e+00    0.0000e+00    0.0000e+00    0.0000e+00    0.0000e+00    
15           0.0000e+00    0.0000e+00    0.0000e+00    0.0000e+00    0.0000e+00    0.0000e+00    0.0000e+00    0.0000e+00    0.0000e+00    0.0000e+00    0.0000e+00    0.0000e+00    0.0000e+00    0.0000e+00    0.0000e+00    1.3102e-04    0.0000e+00    0.0000e+00    0.0000e+00    0.0000e+00    
16           0.0000e+00    0.0000e+00    0.0000e+00    0.0000e+00    0.0000e+00    0.0000e+00    0.0000e+00    0.0000e+00    0.0000e+00    0.0000e+00    0.0000e+00    0.0000e+00    0.0000e+00    0.0000e+00    0.0000e+00    0.0000e+00    1.4799e-04    0.0000e+00    0.0000e+00    0.0000e+00    
17           0.0000e+00    0.0000e+00    0.0000e+00    0.0000e+00    0.0000e+00    0.0000e+00    0.0000e+00    0.0000e+00    0.0000e+00    0.0000e+00    0.0000e+00    0.0000e+00    0.0000e+00    0.0000e+00    0.0000e+00    0.0000e+00    0.0000e+00    1.5473e-04    0.0000e+00    0.0000e+00    
18           0.0000e+00    0.0000e+00    0.0000e+00    0.0000e+00    0.0000e+00    0.0000e+00    0.0000e+00    0.0000e+00    0.0000e+00    0.0000e+00    0.0000e+00    0.0000e+00    0.0000e+00    0.0000e+00    0.0000e+00    0.0000e+00    0.0000e+00    0.0000e+00    3.3426e-04    0.0000e+00    
19           0.0000e+00    0.0000e+00    0.0000e+00    0.0000e+00    0.0000e+00    0.0000e+00    0.0000e+00    0.0000e+00    0.0000e+00    0.0000e+00    0.0000e+00    0.0000e+00    0.0000e+00    0.0000e+00    0.0000e+00    0.0000e+00    0.0000e+00    0.0000e+00    0.0000e+00    1.3047e-03    


# ----------------------------------------------------------------------------------------------------------------------------
# The covariance matrix containing the systematic uncertainty of 20 groups IBD yield per fission in units of x10^-86 (cm^2/fission)^2
# ----------------------------------------------------------------------------------------------------------------------------

#Group No.  0             1             2             3             4             5             6             7             8             9             10            11            12            13            14            15            16            17            18            19          
0           5.5747e-03    5.5026e-03    5.5027e-03    5.4886e-03    5.4695e-03    5.4017e-03    5.3118e-03    5.2557e-03    5.2302e-03    5.2167e-03    5.1897e-03    5.1765e-03    5.1751e-03    5.1652e-03    5.1749e-03    5.1858e-03    5.2346e-03    5.1993e-03    5.1934e-03    5.2575e-03    
1           5.5026e-03    5.4324e-03    5.4315e-03    5.4182e-03    5.3991e-03    5.3370e-03    5.2481e-03    5.1924e-03    5.1669e-03    5.1533e-03    5.1272e-03    5.1138e-03    5.1119e-03    5.1015e-03    5.1109e-03    5.1197e-03    5.1670e-03    5.1337e-03    5.1272e-03    5.1856e-03    
2           5.5027e-03    5.4315e-03    5.4320e-03    5.4182e-03    5.3996e-03    5.3333e-03    5.2446e-03    5.1896e-03    5.1643e-03    5.1511e-03    5.1250e-03    5.1117e-03    5.1102e-03    5.1006e-03    5.1099e-03    5.1203e-03    5.1685e-03    5.1339e-03    5.1278e-03    5.1899e-03    
3           5.4886e-03    5.4182e-03    5.4182e-03    5.4050e-03    5.3862e-03    5.3214e-03    5.2317e-03    5.1755e-03    5.1500e-03    5.1362e-03    5.1101e-03    5.0972e-03    5.0957e-03    5.0855e-03    5.0953e-03    5.1047e-03    5.1538e-03    5.1192e-03    5.1134e-03    5.1748e-03    
4           5.4695e-03    5.3991e-03    5.3996e-03    5.3862e-03    5.3680e-03    5.3028e-03    5.2137e-03    5.1586e-03    5.1333e-03    5.1200e-03    5.0940e-03    5.0810e-03    5.0795e-03    5.0697e-03    5.0793e-03    5.0890e-03    5.1375e-03    5.1032e-03    5.0970e-03    5.1576e-03    
5           5.4017e-03    5.3370e-03    5.3333e-03    5.3214e-03    5.3028e-03    5.2764e-03    5.2017e-03    5.1606e-03    5.1346e-03    5.1247e-03    5.1082e-03    5.0874e-03    5.0813e-03    5.0707e-03    5.0716e-03    5.0706e-03    5.0990e-03    5.0831e-03    5.0678e-03    5.0769e-03    
6           5.3118e-03    5.2481e-03    5.2446e-03    5.2317e-03    5.2137e-03    5.2017e-03    5.1449e-03    5.1208e-03    5.0956e-03    5.0908e-03    5.0828e-03    5.0554e-03    5.0473e-03    5.0397e-03    5.0315e-03    5.0306e-03    5.0417e-03    5.0372e-03    5.0169e-03    5.0000e-03    
7           5.2557e-03    5.1924e-03    5.1896e-03    5.1755e-03    5.1586e-03    5.1606e-03    5.1208e-03    5.1142e-03    5.0897e-03    5.0901e-03    5.0906e-03    5.0564e-03    5.0462e-03    5.0418e-03    5.0244e-03    5.0235e-03    5.0170e-03    5.0241e-03    4.9982e-03    4.9538e-03    
8           5.2302e-03    5.1669e-03    5.1643e-03    5.1500e-03    5.1333e-03    5.1346e-03    5.0956e-03    5.0897e-03    5.0656e-03    5.0662e-03    5.0667e-03    5.0326e-03    5.0223e-03    5.0184e-03    5.0008e-03    5.0005e-03    4.9932e-03    5.0003e-03    4.9742e-03    4.9306e-03    
9           5.2167e-03    5.1533e-03    5.1511e-03    5.1362e-03    5.1200e-03    5.1247e-03    5.0908e-03    5.0901e-03    5.0662e-03    5.0685e-03    5.0713e-03    5.0353e-03    5.0244e-03    5.0215e-03    5.0012e-03    5.0013e-03    4.9890e-03    4.9993e-03    4.9714e-03    4.9207e-03    
10           5.1897e-03    5.1272e-03    5.1250e-03    5.1101e-03    5.0940e-03    5.1082e-03    5.0828e-03    5.0906e-03    5.0667e-03    5.0713e-03    5.0798e-03    5.0398e-03    5.0276e-03    5.0259e-03    5.0006e-03    4.9996e-03    4.9786e-03    4.9951e-03    4.9646e-03    4.8977e-03    
11           5.1765e-03    5.1138e-03    5.1117e-03    5.0972e-03    5.0810e-03    5.0874e-03    5.0554e-03    5.0564e-03    5.0326e-03    5.0353e-03    5.0398e-03    5.0031e-03    4.9921e-03    4.9895e-03    4.9682e-03    4.9680e-03    4.9545e-03    4.9657e-03    4.9379e-03    4.8845e-03    
12           5.1751e-03    5.1119e-03    5.1102e-03    5.0957e-03    5.0795e-03    5.0813e-03    5.0473e-03    5.0462e-03    5.0223e-03    5.0244e-03    5.0276e-03    4.9921e-03    4.9819e-03    4.9791e-03    4.9592e-03    4.9600e-03    4.9496e-03    4.9587e-03    4.9326e-03    4.8855e-03    
13           5.1652e-03    5.1015e-03    5.1006e-03    5.0855e-03    5.0697e-03    5.0707e-03    5.0397e-03    5.0418e-03    5.0184e-03    5.0215e-03    5.0259e-03    4.9895e-03    4.9791e-03    4.9777e-03    4.9562e-03    4.9587e-03    4.9456e-03    4.9554e-03    4.9287e-03    4.8808e-03    
14           5.1749e-03    5.1109e-03    5.1099e-03    5.0953e-03    5.0793e-03    5.0716e-03    5.0315e-03    5.0244e-03    5.0008e-03    5.0012e-03    5.0006e-03    4.9682e-03    4.9592e-03    4.9562e-03    4.9400e-03    4.9427e-03    4.9393e-03    4.9428e-03    4.9194e-03    4.8867e-03    
15           5.1858e-03    5.1197e-03    5.1203e-03    5.1047e-03    5.0890e-03    5.0706e-03    5.0306e-03    5.0235e-03    5.0005e-03    5.0013e-03    4.9996e-03    4.9680e-03    4.9600e-03    4.9587e-03    4.9427e-03    4.9508e-03    4.9493e-03    4.9488e-03    4.9272e-03    4.9085e-03    
16           5.2346e-03    5.1670e-03    5.1685e-03    5.1538e-03    5.1375e-03    5.0990e-03    5.0417e-03    5.0170e-03    4.9932e-03    4.9890e-03    4.9786e-03    4.9545e-03    4.9496e-03    4.9456e-03    4.9393e-03    4.9493e-03    4.9678e-03    4.9539e-03    4.9393e-03    4.9538e-03    
17           5.1993e-03    5.1337e-03    5.1339e-03    5.1192e-03    5.1032e-03    5.0831e-03    5.0372e-03    5.0241e-03    5.0003e-03    4.9993e-03    4.9951e-03    4.9657e-03    4.9587e-03    4.9554e-03    4.9428e-03    4.9488e-03    4.9539e-03    4.9510e-03    4.9314e-03    4.9171e-03    
18           5.1934e-03    5.1272e-03    5.1278e-03    5.1134e-03    5.0970e-03    5.0678e-03    5.0169e-03    4.9982e-03    4.9742e-03    4.9714e-03    4.9646e-03    4.9379e-03    4.9326e-03    4.9287e-03    4.9194e-03    4.9272e-03    4.9393e-03    4.9314e-03    4.9163e-03    4.9153e-03    
19           5.2575e-03    5.1856e-03    5.1899e-03    5.1748e-03    5.1576e-03    5.0769e-03    5.0000e-03    4.9538e-03    4.9306e-03    4.9207e-03    4.8977e-03    4.8845e-03    4.8855e-03    4.8808e-03    4.8867e-03    4.9085e-03    4.9538e-03    4.9171e-03    4.9153e-03    4.9954e-03    
