# --------------------------
# The bin settings, spectra values and errors of the reconstructed energy spectra of prompt signals of U235, Pu239, PuCombo and total are on lines 8 to 121
The covariance matrix of U235, Pu239 and total are on lines 125 to 199
The covariance matrix of U235, PuCombo and total are on lines 203 to 277
# --------------------------


# U235 
# BinLowEdge  BinUpEdge (unit: MeV)  BinContent  BinError (unit: 10^{-43}/MeV/fission)
0.70  1.25  0.3150  0.0228
1.25  1.50  0.7691  0.0345
1.50  1.75  1.0287  0.0405
1.75  2.00  1.2578  0.0444
2.00  2.25  1.4922  0.0484
2.25  2.50  1.5901  0.0510
2.50  2.75  1.6488  0.0527
2.75  3.00  1.7275  0.0538
3.00  3.25  1.7392  0.0541
3.25  3.50  1.5760  0.0517
3.50  3.75  1.4797  0.0499
3.75  4.00  1.4302  0.0471
4.00  4.25  1.3318  0.0449
4.25  4.50  1.1832  0.0413
4.50  4.75  1.0630  0.0390
4.75  5.00  0.9287  0.0365
5.00  5.25  0.8211  0.0332
5.25  5.50  0.7034  0.0300
5.50  5.75  0.6163  0.0267
5.75  6.00  0.4560  0.0234
6.00  6.25  0.3791  0.0207
6.25  6.50  0.2816  0.0178
6.50  6.75  0.1915  0.0146
6.75  7.00  0.1397  0.0118
7.00  8.00  0.0464  0.0052


# Pu239 
# BinLowEdge  BinUpEdge (unit: MeV)  BinContent  BinError (unit: 10^{-43}/MeV/fission)
0.70  1.25  0.2765  0.0308
1.25  1.50  0.6483  0.0607
1.50  1.75  0.8654  0.0735
1.75  2.00  1.0413  0.0824
2.00  2.25  1.0771  0.0897
2.25  2.50  1.2846  0.0962
2.50  2.75  1.3657  0.0998
2.75  3.00  1.2343  0.0996
3.00  3.25  1.1498  0.0991
3.25  3.50  1.2216  0.0965
3.50  3.75  1.0540  0.0928
3.75  4.00  0.7385  0.0863
4.00  4.25  0.6486  0.0808
4.25  4.50  0.6941  0.0746
4.50  4.75  0.6417  0.0699
4.75  5.00  0.6041  0.0653
5.00  5.25  0.4907  0.0598
5.25  5.50  0.3743  0.0538
5.50  5.75  0.2079  0.0472
5.75  6.00  0.2231  0.0415
6.00  6.25  0.1441  0.0360
6.25  6.50  0.0971  0.0307
6.50  6.75  0.0816  0.0254
6.75  7.00  0.0398  0.0205
7.00  8.00  0.0197  0.0087


# PuCombo 
# BinLowEdge  BinUpEdge (unit: MeV)  BinContent  BinError (unit: 10^{-43}/MeV/fission)
0.70  1.25  0.3380  0.0314
1.25  1.50  0.8012  0.0568
1.50  1.75  1.0773  0.0673
1.75  2.00  1.2994  0.0738
2.00  2.25  1.3753  0.0785
2.25  2.50  1.6105  0.0840
2.50  2.75  1.7054  0.0871
2.75  3.00  1.5744  0.0874
3.00  3.25  1.4826  0.0871
3.25  3.50  1.5329  0.0851
3.50  3.75  1.3373  0.0814
3.75  4.00  0.9896  0.0759
4.00  4.25  0.8737  0.0723
4.25  4.50  0.8921  0.0676
4.50  4.75  0.8126  0.0640
4.75  5.00  0.7469  0.0603
5.00  5.25  0.6101  0.0551
5.25  5.50  0.4680  0.0497
5.50  5.75  0.2839  0.0440
5.75  6.00  0.2828  0.0389
6.00  6.25  0.1916  0.0341
6.25  6.50  0.1324  0.0294
6.50  6.75  0.1062  0.0245
6.75  7.00  0.0564  0.0199
7.00  8.00  0.0264  0.0082


# Total 
# BinLowEdge  BinUpEdge (unit: MeV)  BinContent  BinError (unit: 10^{-43}/MeV/fission)
0.70  1.25  0.3109  0.0185
1.25  1.50  0.7551  0.0184
1.50  1.75  1.0162  0.0195
1.75  2.00  1.2432  0.0205
2.00  2.25  1.4250  0.0212
2.25  2.50  1.5744  0.0220
2.50  2.75  1.6521  0.0223
2.75  3.00  1.6660  0.0223
3.00  3.25  1.6478  0.0220
3.25  3.50  1.5685  0.0208
3.50  3.75  1.4438  0.0196
3.75  4.00  1.2956  0.0180
4.00  4.25  1.1880  0.0166
4.25  4.50  1.0928  0.0152
4.50  4.75  0.9821  0.0142
4.75  5.00  0.8679  0.0130
5.00  5.25  0.7472  0.0120
5.25  5.50  0.6223  0.0106
5.50  5.75  0.5032  0.0090
5.75  6.00  0.4015  0.0074
6.00  6.25  0.3195  0.0068
6.25  6.50  0.2365  0.0060
6.50  6.75  0.1685  0.0048
6.75  7.00  0.1167  0.0037
7.00  8.00  0.0423  0.0018


# The covariance matrix is of size 75X75 and describes the correlation between a total of 75 bins of the three energy spectra of U235, Pu239 and total. (unit: 10^{-86}/MeV^2/fission^2) 
5.18161e-04  2.00451e-04  2.20525e-04  1.98941e-04  2.04657e-04  1.87806e-04  1.65887e-04  1.52368e-04  1.42841e-04  1.12894e-04  1.09222e-04  9.89558e-05  1.00668e-04  8.23891e-05  6.51959e-05  4.51736e-05  4.47103e-05  2.84195e-05  3.35032e-05  2.14759e-05  1.88660e-05  1.28999e-05  8.62156e-06  4.73502e-06  7.98220e-07  -1.68071e-04  1.70185e-04  1.41946e-04  1.79985e-04  1.40334e-04  1.41645e-04  1.43247e-04  1.17116e-04  1.01773e-04  1.17386e-04  8.12077e-05  8.10630e-05  6.49181e-05  7.11040e-05  5.82678e-05  5.72601e-05  2.88800e-05  4.03263e-05  2.24476e-05  3.14381e-05  1.75316e-05  1.14951e-05  8.19896e-06  8.19916e-06  3.07356e-06  9.99102e-05  1.55263e-04  1.54073e-04  1.46969e-04  1.28132e-04  1.09171e-04  8.85183e-05  6.64917e-05  5.24071e-05  3.74495e-05  2.34706e-05  1.95794e-05  2.08739e-05  1.95325e-05  1.38922e-05  9.24455e-06  5.64700e-06  4.35908e-06  5.52817e-06  4.69428e-06  1.45975e-06  -1.32968e-06  -2.16732e-06  -1.99106e-06  -9.07722e-07  
2.00451e-04  1.19021e-03  4.96338e-04  5.16194e-04  5.01975e-04  4.53473e-04  4.05857e-04  3.74521e-04  3.43987e-04  2.97172e-04  2.39138e-04  2.33661e-04  2.12379e-04  1.91335e-04  1.47805e-04  1.33284e-04  9.99839e-05  9.18253e-05  6.97504e-05  6.60079e-05  3.58389e-05  1.72841e-05  6.95260e-06  5.25826e-06  1.18466e-06  1.81057e-04  -9.07375e-04  4.66057e-04  3.82903e-04  3.43272e-04  3.69672e-04  3.73325e-04  3.14984e-04  2.92651e-04  2.70831e-04  2.57716e-04  2.10936e-04  2.13896e-04  1.85831e-04  1.62868e-04  9.97869e-05  8.61884e-05  5.09974e-05  7.25547e-05  4.21100e-05  4.52045e-05  3.23782e-05  2.38666e-05  1.41599e-05  7.05442e-06  1.57777e-04  3.37411e-04  3.55971e-04  3.49814e-04  3.16968e-04  2.79771e-04  2.36412e-04  1.87505e-04  1.54300e-04  1.14721e-04  7.70438e-05  6.46980e-05  6.43307e-05  5.68462e-05  3.87917e-05  2.33998e-05  1.12649e-05  6.36746e-06  9.39329e-06  5.85129e-06  -3.69737e-06  -1.14935e-05  -1.32378e-05  -1.14254e-05  -4.52577e-06  
2.20525e-04  4.96338e-04  1.64365e-03  6.22952e-04  6.40988e-04  6.20952e-04  5.86677e-04  5.69965e-04  5.56211e-04  4.47435e-04  4.61598e-04  4.08491e-04  4.13918e-04  3.26859e-04  2.61413e-04  1.66173e-04  1.72616e-04  9.26189e-05  1.20683e-04  6.04223e-05  6.11021e-05  4.10667e-05  2.72704e-05  1.00834e-05  -3.18081e-06  1.45464e-04  4.67182e-04  -1.26484e-03  6.41107e-04  4.69832e-04  4.70339e-04  4.89325e-04  4.22263e-04  3.70002e-04  4.60812e-04  3.00689e-04  3.04638e-04  2.16883e-04  2.55691e-04  2.00129e-04  2.26382e-04  9.58160e-05  1.62344e-04  6.41271e-05  1.21939e-04  5.35794e-05  3.23385e-05  1.99119e-05  2.70225e-05  7.24359e-06  1.52017e-04  3.47545e-04  3.73745e-04  3.93889e-04  3.79259e-04  3.58689e-04  3.24983e-04  2.78697e-04  2.44184e-04  2.01499e-04  1.55331e-04  1.30239e-04  1.21550e-04  1.07121e-04  8.20089e-05  6.08290e-05  4.05847e-05  2.78939e-05  2.43866e-05  1.71024e-05  3.34717e-06  -7.64490e-06  -1.11588e-05  -1.08133e-05  -6.89362e-06  
1.98941e-04  5.16194e-04  6.22952e-04  1.97018e-03  8.45279e-04  7.41139e-04  6.88642e-04  6.74054e-04  6.47116e-04  5.85730e-04  4.93439e-04  4.80701e-04  4.28829e-04  3.83532e-04  3.10677e-04  2.85669e-04  2.20629e-04  1.99117e-04  1.50086e-04  1.35139e-04  8.18224e-05  4.84664e-05  2.63354e-05  2.04377e-05  6.77790e-06  1.87960e-04  3.75199e-04  6.38851e-04  -1.34491e-03  6.68642e-04  6.50183e-04  6.39163e-04  5.72943e-04  5.45984e-04  5.19277e-04  5.11340e-04  4.02946e-04  3.96908e-04  3.45154e-04  3.07286e-04  2.04371e-04  1.84873e-04  1.13455e-04  1.34963e-04  7.92025e-05  8.33345e-05  6.04492e-05  4.69109e-05  2.72129e-05  1.32965e-05  1.47772e-04  3.45599e-04  3.97023e-04  4.26979e-04  4.35308e-04  4.29626e-04  4.04758e-04  3.64674e-04  3.30440e-04  2.80841e-04  2.27812e-04  1.95928e-04  1.79338e-04  1.55551e-04  1.23422e-04  9.66449e-05  6.92099e-05  4.99308e-05  4.18212e-05  2.86858e-05  1.12879e-05  -3.13762e-06  -9.10495e-06  -9.63177e-06  -4.05993e-06  
2.04657e-04  5.01975e-04  6.40988e-04  8.45279e-04  2.34700e-03  9.96193e-04  8.70778e-04  8.37728e-04  8.21549e-04  7.24681e-04  6.56258e-04  6.27204e-04  5.80796e-04  4.98961e-04  4.07395e-04  3.47690e-04  2.93345e-04  2.34341e-04  2.02678e-04  1.59022e-04  1.11328e-04  7.32195e-05  4.36454e-05  2.97280e-05  7.80243e-06  1.76368e-04  4.04119e-04  5.49383e-04  7.41965e-04  -1.43227e-03  9.10104e-04  8.04443e-04  6.88108e-04  6.35308e-04  6.63669e-04  5.96166e-04  4.88524e-04  4.37728e-04  4.11027e-04  3.62382e-04  2.84677e-04  2.12106e-04  1.79933e-04  1.43503e-04  1.17865e-04  9.46625e-05  6.44720e-05  5.11152e-05  3.55761e-05  1.49684e-05  1.37415e-04  3.32368e-04  4.03485e-04  4.55044e-04  4.84710e-04  4.93683e-04  4.81341e-04  4.49263e-04  4.17038e-04  3.64548e-04  3.06316e-04  2.65586e-04  2.40810e-04  2.08971e-04  1.70584e-04  1.38334e-04  1.03770e-04  7.70206e-05  6.26116e-05  4.38997e-05  2.28188e-05  4.94833e-06  -3.75895e-06  -6.19493e-06  -3.99684e-06  
1.87806e-04  4.53473e-04  6.20952e-04  7.41139e-04  9.96193e-04  2.60549e-03  1.09653e-03  9.66619e-04  9.10062e-04  8.06666e-04  7.56831e-04  7.09443e-04  6.61650e-04  5.63656e-04  4.67253e-04  3.82438e-04  3.30800e-04  2.56076e-04  2.28374e-04  1.68240e-04  1.29239e-04  8.94101e-05  5.85951e-05  3.83305e-05  9.33538e-06  1.56444e-04  3.99688e-04  4.90144e-04  6.77893e-04  8.53141e-04  -1.44715e-03  1.06102e-03  8.28476e-04  7.25173e-04  7.63107e-04  6.66346e-04  5.67521e-04  4.93005e-04  4.73113e-04  4.03719e-04  3.46059e-04  2.48776e-04  2.27018e-04  1.60287e-04  1.55876e-04  1.11230e-04  7.88863e-05  6.00171e-05  4.55334e-05  1.63819e-05  1.12117e-04  2.82272e-04  3.64967e-04  4.32455e-04  4.75662e-04  5.10286e-04  5.07517e-04  4.86915e-04  4.60624e-04  4.14247e-04  3.57403e-04  3.09785e-04  2.79121e-04  2.44436e-04  2.04507e-04  1.70578e-04  1.32297e-04  1.00338e-04  7.92637e-05  5.77422e-05  3.48833e-05  1.53499e-05  4.66450e-06  -1.81734e-07  -2.05785e-06  
1.65887e-04  4.05857e-04  5.86677e-04  6.88642e-04  8.70778e-04  1.09653e-03  2.77305e-03  1.19396e-03  1.03065e-03  8.78371e-04  8.25063e-04  7.74258e-04  7.22546e-04  6.18324e-04  5.18074e-04  4.25940e-04  3.71855e-04  2.90097e-04  2.59994e-04  1.92950e-04  1.52960e-04  1.10696e-04  7.48540e-05  5.07473e-05  1.39074e-05  1.38524e-04  3.73393e-04  4.65081e-04  6.40433e-04  7.26449e-04  1.04028e-03  -1.43551e-03  1.10565e-03  8.56289e-04  8.39214e-04  7.33002e-04  6.21266e-04  5.35056e-04  5.14881e-04  4.40608e-04  3.83558e-04  2.80822e-04  2.57764e-04  1.74854e-04  1.72054e-04  1.23537e-04  8.87456e-05  7.00085e-05  5.22273e-05  1.83562e-05  8.60532e-05  2.28328e-04  3.18191e-04  3.96679e-04  4.55539e-04  4.99309e-04  5.23012e-04  5.07639e-04  4.89258e-04  4.50384e-04  3.98106e-04  3.47191e-04  3.12295e-04  2.76154e-04  2.36397e-04  2.01676e-04  1.61541e-04  1.25644e-04  9.85519e-05  7.39275e-05  5.00259e-05  2.89815e-05  1.58443e-05  8.18400e-06  1.35716e-06  
1.52368e-04  3.74521e-04  5.69965e-04  6.74054e-04  8.37728e-04  9.66619e-04  1.19396e-03  2.88917e-03  1.28315e-03  1.00484e-03  9.00753e-04  8.41966e-04  7.87045e-04  6.74352e-04  5.69286e-04  4.71994e-04  4.18699e-04  3.27443e-04  2.98152e-04  2.21489e-04  1.79862e-04  1.34274e-04  9.15701e-05  6.38835e-05  1.87569e-05  1.25637e-04  3.55762e-04  4.46771e-04  6.40490e-04  6.91488e-04  8.92273e-04  1.18513e-03  -1.37346e-03  1.14582e-03  9.84681e-04  8.00718e-04  6.64429e-04  5.66263e-04  5.48989e-04  4.75028e-04  4.17169e-04  3.05229e-04  2.86082e-04  1.84665e-04  1.84317e-04  1.32327e-04  9.44100e-05  7.74953e-05  5.70044e-05  2.04298e-05  6.84168e-05  1.90792e-04  2.86765e-04  3.74221e-04  4.46819e-04  5.02528e-04  5.29155e-04  5.42769e-04  5.21435e-04  4.86796e-04  4.38556e-04  3.86771e-04  3.48364e-04  3.09724e-04  2.69556e-04  2.33237e-04  1.91509e-04  1.52080e-04  1.20186e-04  9.12619e-05  6.62580e-05  4.32237e-05  2.71307e-05  1.67569e-05  4.72983e-06  
1.42841e-04  3.43987e-04  5.56211e-04  6.47116e-04  8.21549e-04  9.10062e-04  1.03065e-03  1.28315e-03  2.92894e-03  1.21709e-03  1.00639e-03  8.93997e-04  8.34693e-04  7.12452e-04  6.03071e-04  4.99536e-04  4.53533e-04  3.49387e-04  3.28884e-04  2.43316e-04  2.02437e-04  1.55686e-04  1.06400e-04  7.51386e-05  2.29207e-05  1.12265e-04  3.44952e-04  4.11722e-04  6.40610e-04  6.78733e-04  8.35025e-04  9.82914e-04  1.19903e-03  -1.35455e-03  1.25332e-03  9.05519e-04  6.93218e-04  5.66155e-04  5.59824e-04  4.91392e-04  4.40321e-04  3.13780e-04  3.12109e-04  1.83046e-04  1.90748e-04  1.34781e-04  9.36951e-05  8.14432e-05  6.02041e-05  2.17338e-05  5.47548e-05  1.59698e-04  2.55412e-04  3.45315e-04  4.23995e-04  4.86130e-04  5.20276e-04  5.31903e-04  5.39018e-04  4.98199e-04  4.55339e-04  4.04691e-04  3.65379e-04  3.27243e-04  2.88656e-04  2.52432e-04  2.11267e-04  1.70520e-04  1.35502e-04  1.04289e-04  7.92137e-05  5.52339e-05  3.70549e-05  2.44268e-05  7.73380e-06  
1.12894e-04  2.97172e-04  4.47435e-04  5.85730e-04  7.24681e-04  8.06666e-04  8.78371e-04  1.00484e-03  1.21709e-03  2.67119e-03  1.09839e-03  8.88949e-04  7.61546e-04  6.60866e-04  5.67285e-04  4.89417e-04  4.26035e-04  3.56384e-04  3.10485e-04  2.45277e-04  1.98667e-04  1.52840e-04  1.07317e-04  7.95697e-05  2.70614e-05  1.10441e-04  2.84513e-04  4.32025e-04  5.51478e-04  6.39533e-04  7.81197e-04  8.60883e-04  9.36317e-04  1.15259e-03  -1.20701e-03  1.11200e-03  7.65308e-04  6.18143e-04  5.67786e-04  4.95602e-04  4.17289e-04  3.42006e-04  2.88338e-04  2.06525e-04  1.83938e-04  1.46739e-04  1.09881e-04  9.22571e-05  6.25311e-05  2.36190e-05  3.72779e-05  1.13710e-04  1.99631e-04  2.81555e-04  3.57008e-04  4.19534e-04  4.57805e-04  4.75702e-04  4.76858e-04  4.70865e-04  4.25984e-04  3.79993e-04  3.43636e-04  3.11220e-04  2.78612e-04  2.46659e-04  2.10136e-04  1.72164e-04  1.36676e-04  1.07271e-04  8.45531e-05  6.21797e-05  4.39420e-05  3.01346e-05  1.14977e-05  
1.09222e-04  2.39138e-04  4.61598e-04  4.93439e-04  6.56258e-04  7.56831e-04  8.25063e-04  9.00753e-04  1.00639e-03  1.09839e-03  2.49358e-03  1.02891e-03  8.39400e-04  6.67435e-04  5.68609e-04  4.49576e-04  4.23144e-04  3.20814e-04  3.13323e-04  2.19686e-04  2.01837e-04  1.61522e-04  1.17790e-04  8.19516e-05  2.50138e-05  7.85800e-05  3.01100e-04  2.93370e-04  5.80563e-04  6.10612e-04  7.26966e-04  8.00272e-04  8.04893e-04  8.56564e-04  1.16740e-03  -1.21941e-03  9.02062e-04  6.16632e-04  5.62176e-04  4.66144e-04  4.55453e-04  3.19449e-04  3.34857e-04  1.82120e-04  2.19430e-04  1.40280e-04  1.02574e-04  8.43987e-05  6.67026e-05  2.21275e-05  2.51497e-05  8.29923e-05  1.60796e-04  2.38486e-04  3.11233e-04  3.74412e-04  4.16042e-04  4.38717e-04  4.44606e-04  4.34714e-04  4.20613e-04  3.66471e-04  3.32056e-04  3.03739e-04  2.75351e-04  2.46082e-04  2.12800e-04  1.76335e-04  1.40010e-04  1.11554e-04  9.03815e-05  6.89327e-05  5.03413e-05  3.52181e-05  1.23488e-05  
9.89558e-05  2.33661e-04  4.08491e-04  4.80701e-04  6.27204e-04  7.09443e-04  7.74258e-04  8.41966e-04  8.93997e-04  8.88949e-04  1.02891e-03  2.21617e-03  9.20869e-04  6.95096e-04  5.58301e-04  4.57403e-04  4.19281e-04  3.33727e-04  3.14459e-04  2.35642e-04  2.05063e-04  1.64102e-04  1.16825e-04  8.52002e-05  2.83577e-05  8.44535e-05  2.69834e-04  3.27122e-04  5.28625e-04  5.82850e-04  7.10435e-04  7.76496e-04  7.71235e-04  7.53897e-04  9.16174e-04  9.89978e-04  -1.13628e-03  7.53794e-04  6.05025e-04  4.80932e-04  4.25673e-04  3.20782e-04  3.10919e-04  1.86185e-04  1.92081e-04  1.38812e-04  1.01114e-04  8.75104e-05  6.33319e-05  2.29963e-05  2.43052e-05  7.71478e-05  1.50408e-04  2.23219e-04  2.94495e-04  3.53539e-04  3.94018e-04  4.20058e-04  4.28687e-04  4.18436e-04  3.97511e-04  3.71867e-04  3.28979e-04  3.00812e-04  2.74081e-04  2.45452e-04  2.14569e-04  1.79758e-04  1.44948e-04  1.14993e-04  9.48437e-05  7.33585e-05  5.38254e-05  3.83112e-05  1.43606e-05  
1.00668e-04  2.12379e-04  4.13918e-04  4.28829e-04  5.80796e-04  6.61650e-04  7.22546e-04  7.87045e-04  8.34693e-04  7.61546e-04  8.39400e-04  9.20869e-04  2.01232e-03  7.63577e-04  5.77361e-04  4.29252e-04  4.01792e-04  2.99872e-04  3.03074e-04  2.14740e-04  1.97103e-04  1.60502e-04  1.14974e-04  8.13346e-05  2.57525e-05  6.92049e-05  2.74348e-04  2.48552e-04  5.21796e-04  5.35210e-04  6.45333e-04  7.05742e-04  6.96894e-04  6.56809e-04  7.96380e-04  7.42831e-04  7.97910e-04  -1.18157e-03  6.75402e-04  4.92791e-04  4.30198e-04  2.87139e-04  3.15113e-04  1.58598e-04  1.92506e-04  1.24374e-04  8.73500e-05  7.69221e-05  6.03477e-05  2.07909e-05  2.48465e-05  7.58239e-05  1.40669e-04  2.06005e-04  2.69288e-04  3.22511e-04  3.59506e-04  3.83545e-04  3.92303e-04  3.84422e-04  3.66313e-04  3.33620e-04  3.14740e-04  2.80424e-04  2.56490e-04  2.30147e-04  2.02318e-04  1.70356e-04  1.37692e-04  1.09940e-04  9.13712e-05  7.13092e-05  5.27552e-05  3.77099e-05  1.35090e-05  
8.23891e-05  1.91335e-04  3.26859e-04  3.83532e-04  4.98961e-04  5.63656e-04  6.18324e-04  6.74352e-04  7.12452e-04  6.60866e-04  6.67435e-04  6.95096e-04  7.63577e-04  1.70853e-03  6.17441e-04  4.59158e-04  3.76684e-04  2.93234e-04  2.75520e-04  2.09963e-04  1.83838e-04  1.49113e-04  1.06881e-04  7.90819e-05  2.76089e-05  7.07430e-05  2.18736e-04  2.62939e-04  4.20807e-04  4.63982e-04  5.66914e-04  6.18862e-04  6.18269e-04  5.95246e-04  6.76439e-04  6.30859e-04  5.99177e-04  6.36638e-04  -1.07639e-03  5.87127e-04  4.46408e-04  2.98240e-04  2.69381e-04  1.58170e-04  1.61647e-04  1.18919e-04  8.67700e-05  7.68587e-05  5.46634e-05  2.05694e-05  2.14974e-05  6.24100e-05  1.16367e-04  1.70445e-04  2.24592e-04  2.71159e-04  3.05170e-04  3.29002e-04  3.39701e-04  3.36797e-04  3.24547e-04  2.97453e-04  2.73239e-04  2.63007e-04  2.35124e-04  2.12421e-04  1.89134e-04  1.61136e-04  1.30787e-04  1.05642e-04  8.94163e-05  7.12284e-05  5.35845e-05  3.87963e-05  1.51718e-05  
6.51959e-05  1.47805e-04  2.61413e-04  3.10677e-04  4.07395e-04  4.67253e-04  5.18074e-04  5.69286e-04  6.03071e-04  5.67285e-04  5.68609e-04  5.58301e-04  5.77361e-04  6.17441e-04  1.52127e-03  5.33651e-04  3.93887e-04  2.81441e-04  2.51688e-04  1.90782e-04  1.70024e-04  1.38745e-04  1.01122e-04  7.54439e-05  2.71817e-05  5.71893e-05  1.76148e-04  2.12641e-04  3.48112e-04  3.93629e-04  4.77619e-04  5.23274e-04  5.29900e-04  5.18520e-04  5.81534e-04  5.36499e-04  4.74157e-04  4.63722e-04  5.85472e-04  -9.35366e-04  5.68762e-04  3.51474e-04  2.63054e-04  1.50902e-04  1.52209e-04  1.10508e-04  8.22796e-05  7.14114e-05  5.03928e-05  1.95369e-05  1.46436e-05  4.14551e-05  8.70187e-05  1.33758e-04  1.82627e-04  2.25947e-04  2.59592e-04  2.85290e-04  2.98731e-04  3.00955e-04  2.94475e-04  2.71725e-04  2.50443e-04  2.35434e-04  2.28598e-04  2.01173e-04  1.81452e-04  1.56175e-04  1.27053e-04  1.03626e-04  8.93586e-05  7.26586e-05  5.55323e-05  4.06344e-05  1.62311e-05  
4.51736e-05  1.33284e-04  1.66173e-04  2.85669e-04  3.47690e-04  3.82438e-04  4.25940e-04  4.71994e-04  4.99536e-04  4.89417e-04  4.49576e-04  4.57403e-04  4.29252e-04  4.59158e-04  5.33651e-04  1.33291e-03  4.39408e-04  3.20157e-04  2.34964e-04  1.94883e-04  1.54145e-04  1.23492e-04  8.69821e-05  7.01735e-05  2.87091e-05  6.28575e-05  1.09474e-04  2.54184e-04  2.39028e-04  3.23384e-04  4.15385e-04  4.50789e-04  4.58118e-04  4.56433e-04  4.68618e-04  4.97509e-04  3.89647e-04  3.82942e-04  4.22562e-04  5.60814e-04  -8.45731e-04  4.36793e-04  2.46903e-04  1.56471e-04  1.01171e-04  9.82759e-05  7.40469e-05  6.82354e-05  3.98541e-05  1.90258e-05  1.18787e-05  2.94169e-05  6.91756e-05  1.09099e-04  1.53283e-04  1.91529e-04  2.22059e-04  2.47079e-04  2.60589e-04  2.63204e-04  2.59400e-04  2.41287e-04  2.22695e-04  2.09395e-04  1.97208e-04  1.87477e-04  1.63868e-04  1.41712e-04  1.15808e-04  9.43306e-05  8.19976e-05  6.71141e-05  5.14291e-05  3.79089e-05  1.64947e-05  
4.47103e-05  9.99839e-05  1.72616e-04  2.20629e-04  2.93345e-04  3.30800e-04  3.71855e-04  4.18699e-04  4.53533e-04  4.26035e-04  4.23144e-04  4.19281e-04  4.01792e-04  3.76684e-04  3.93887e-04  4.39408e-04  1.10315e-03  3.39583e-04  2.54636e-04  1.77321e-04  1.47487e-04  1.20562e-04  8.62081e-05  6.62573e-05  2.56028e-05  4.11376e-05  1.13918e-04  1.53669e-04  2.37895e-04  2.75268e-04  3.48011e-04  3.80686e-04  3.84961e-04  3.71622e-04  4.27662e-04  4.06122e-04  3.33378e-04  2.87664e-04  3.06265e-04  3.59164e-04  4.37758e-04  -7.80555e-04  3.26213e-04  1.63402e-04  1.19017e-04  8.49558e-05  5.99106e-05  5.64231e-05  3.74746e-05  1.67297e-05  8.55151e-06  1.94468e-05  5.12847e-05  8.49864e-05  1.22882e-04  1.56912e-04  1.85426e-04  2.09870e-04  2.24278e-04  2.30039e-04  2.29859e-04  2.15044e-04  1.99340e-04  1.89251e-04  1.79968e-04  1.65889e-04  1.58507e-04  1.33000e-04  1.08913e-04  8.94574e-05  7.87927e-05  6.54116e-05  5.06833e-05  3.75542e-05  1.54965e-05  
2.84195e-05  9.18253e-05  9.26189e-05  1.99117e-04  2.34341e-04  2.56076e-04  2.90097e-04  3.27443e-04  3.49387e-04  3.56384e-04  3.20814e-04  3.33727e-04  2.99872e-04  2.93234e-04  2.81441e-04  3.20157e-04  3.39583e-04  9.00796e-04  2.64667e-04  1.95035e-04  1.37063e-04  1.05684e-04  7.45882e-05  6.17199e-05  2.64493e-05  5.15081e-05  6.90796e-05  2.05992e-04  1.57487e-04  2.38645e-04  3.08331e-04  3.35032e-04  3.48000e-04  3.56263e-04  3.48797e-04  3.93156e-04  3.04232e-04  3.00374e-04  2.66571e-04  2.72030e-04  2.59289e-04  3.42941e-04  -7.11049e-04  2.25317e-04  1.19036e-04  9.38913e-05  6.67717e-05  5.97630e-05  3.32318e-05  1.68811e-05  7.69754e-06  1.34754e-05  3.84701e-05  6.42010e-05  9.60242e-05  1.23863e-04  1.48725e-04  1.72281e-04  1.87024e-04  1.93585e-04  1.96557e-04  1.86818e-04  1.74268e-04  1.66522e-04  1.59823e-04  1.48036e-04  1.37828e-04  1.26942e-04  1.00739e-04  8.29014e-05  7.40085e-05  6.21078e-05  4.83911e-05  3.62023e-05  1.61382e-05  
3.35032e-05  6.97504e-05  1.20683e-04  1.50086e-04  2.02678e-04  2.28374e-04  2.59994e-04  2.98152e-04  3.28884e-04  3.10485e-04  3.13323e-04  3.14459e-04  3.03074e-04  2.75520e-04  2.51688e-04  2.34964e-04  2.54636e-04  2.64667e-04  7.14150e-04  1.99373e-04  1.47019e-04  1.08549e-04  7.46816e-05  5.71056e-05  2.24653e-05  3.14817e-05  8.61394e-05  1.08946e-04  1.75515e-04  2.02630e-04  2.54946e-04  2.79648e-04  2.87754e-04  2.79356e-04  3.24652e-04  3.11064e-04  2.58541e-04  2.20529e-04  2.21075e-04  2.12434e-04  2.07017e-04  2.15038e-04  2.57333e-04  -6.08325e-04  1.63803e-04  9.98486e-05  5.77588e-05  4.86287e-05  3.15995e-05  1.41389e-05  6.81388e-06  1.12428e-05  3.02094e-05  5.12598e-05  7.75422e-05  1.01060e-04  1.23122e-04  1.44943e-04  1.59346e-04  1.66900e-04  1.71622e-04  1.64393e-04  1.54192e-04  1.48539e-04  1.43666e-04  1.33503e-04  1.25415e-04  1.11628e-04  9.72984e-05  7.68414e-05  6.92103e-05  5.85563e-05  4.58891e-05  3.44266e-05  1.42803e-05  
2.14759e-05  6.60079e-05  6.04223e-05  1.35139e-04  1.59022e-04  1.68240e-04  1.92950e-04  2.21489e-04  2.43316e-04  2.45277e-04  2.19686e-04  2.35642e-04  2.14740e-04  2.09963e-04  1.90782e-04  1.94883e-04  1.77321e-04  1.95035e-04  1.99373e-04  5.49057e-04  1.46796e-04  1.02699e-04  6.32724e-05  4.91206e-05  2.10757e-05  3.70631e-05  4.53844e-05  1.42439e-04  1.00549e-04  1.52699e-04  2.07443e-04  2.23924e-04  2.32377e-04  2.31908e-04  2.38095e-04  2.76082e-04  2.05573e-04  2.00350e-04  1.77369e-04  1.78536e-04  1.30503e-04  1.52951e-04  1.39614e-04  1.58938e-04  -5.10817e-04  1.17148e-04  6.98394e-05  5.07574e-05  2.45346e-05  1.25419e-05  5.81366e-06  6.82320e-06  1.95907e-05  3.32390e-05  5.20128e-05  6.91337e-05  8.59404e-05  1.03233e-04  1.15197e-04  1.22469e-04  1.27621e-04  1.23254e-04  1.16147e-04  1.12957e-04  1.10203e-04  1.02996e-04  9.75798e-05  8.75013e-05  7.30017e-05  6.42830e-05  5.53174e-05  4.71732e-05  3.71844e-05  2.80442e-05  1.26496e-05  
1.88660e-05  3.58389e-05  6.11021e-05  8.18224e-05  1.11328e-04  1.29239e-04  1.52960e-04  1.79862e-04  2.02437e-04  1.98667e-04  2.01837e-04  2.05063e-04  1.97103e-04  1.83838e-04  1.70024e-04  1.54145e-04  1.47487e-04  1.37063e-04  1.47019e-04  1.46796e-04  4.26625e-04  1.15136e-04  7.23635e-05  4.82062e-05  1.80268e-05  1.99748e-05  4.62073e-05  6.64524e-05  9.80723e-05  1.21911e-04  1.56858e-04  1.73984e-04  1.85520e-04  1.84955e-04  2.12652e-04  2.13782e-04  1.78410e-04  1.56083e-04  1.53281e-04  1.45332e-04  1.31814e-04  1.20423e-04  1.18559e-04  9.75669e-05  1.21086e-04  -3.92707e-04  8.92278e-05  5.79267e-05  2.87068e-05  1.07655e-05  1.56287e-06  -4.75341e-06  3.10859e-06  1.33609e-05  2.88771e-05  4.42333e-05  6.06014e-05  7.82059e-05  9.11241e-05  1.01053e-04  1.08896e-04  1.06405e-04  1.00964e-04  9.98846e-05  9.92225e-05  9.37743e-05  9.02907e-05  8.17859e-05  6.82647e-05  5.76016e-05  5.60474e-05  4.62001e-05  3.68676e-05  2.79233e-05  1.19618e-05  
1.28999e-05  1.72841e-05  4.10667e-05  4.84664e-05  7.32195e-05  8.94101e-05  1.10696e-04  1.34274e-04  1.55686e-04  1.52840e-04  1.61522e-04  1.64102e-04  1.60502e-04  1.49113e-04  1.38745e-04  1.23492e-04  1.20562e-04  1.05684e-04  1.08549e-04  1.02699e-04  1.15136e-04  3.17298e-04  7.52614e-05  4.83329e-05  1.61155e-05  1.14567e-05  3.08245e-05  3.44208e-05  6.99590e-05  8.48825e-05  1.12335e-04  1.26666e-04  1.38390e-04  1.37270e-04  1.67629e-04  1.65961e-04  1.40709e-04  1.18547e-04  1.20110e-04  1.13928e-04  1.07624e-04  9.38772e-05  9.31896e-05  5.82395e-05  7.75553e-05  9.14095e-05  -2.94541e-04  6.43856e-05  3.25620e-05  9.39316e-06  -1.76067e-06  -1.36706e-05  -9.90638e-06  -3.32097e-06  8.51837e-06  2.11911e-05  3.56951e-05  5.19016e-05  6.42921e-05  7.51774e-05  8.42283e-05  8.34316e-05  7.97065e-05  8.02421e-05  8.11900e-05  7.76479e-05  7.59273e-05  6.94571e-05  5.79854e-05  4.94116e-05  4.63708e-05  4.29678e-05  3.29605e-05  2.50820e-05  1.07425e-05  
8.62156e-06  6.95260e-06  2.72704e-05  2.63354e-05  4.36454e-05  5.85951e-05  7.48540e-05  9.15701e-05  1.06400e-04  1.07317e-04  1.17790e-04  1.16825e-04  1.14974e-04  1.06881e-04  1.01122e-04  8.69821e-05  8.62081e-05  7.45882e-05  7.46816e-05  6.32724e-05  7.23635e-05  7.52614e-05  2.12954e-04  4.32297e-05  1.32296e-05  6.94185e-06  2.25323e-05  1.69844e-05  5.10648e-05  6.13246e-05  7.76033e-05  8.92464e-05  1.00394e-04  1.02735e-04  1.24497e-04  1.19800e-04  1.06987e-04  8.95493e-05  9.16509e-05  8.35677e-05  8.37426e-05  7.17900e-05  7.15324e-05  3.99473e-05  5.04142e-05  5.30710e-05  5.90809e-05  -2.19486e-04  3.46402e-05  8.74008e-06  -2.53121e-06  -1.43813e-05  -1.30198e-05  -9.16220e-06  -1.22585e-06  8.15302e-06  1.92643e-05  3.16710e-05  4.14606e-05  5.10223e-05  5.88042e-05  5.84963e-05  5.61386e-05  5.74424e-05  5.89157e-05  5.68562e-05  5.61261e-05  5.16447e-05  4.29795e-05  3.69973e-05  3.50035e-05  3.11565e-05  2.68584e-05  1.93495e-05  8.29193e-06  
4.73502e-06  5.25826e-06  1.00834e-05  2.04377e-05  2.97280e-05  3.83305e-05  5.07473e-05  6.38835e-05  7.51386e-05  7.95697e-05  8.19516e-05  8.52002e-05  8.13346e-05  7.90819e-05  7.54439e-05  7.01735e-05  6.62573e-05  6.17199e-05  5.71056e-05  4.91206e-05  4.82062e-05  4.83329e-05  4.32297e-05  1.39537e-04  1.30404e-05  7.31774e-06  1.03387e-05  2.31295e-05  2.83559e-05  4.35897e-05  5.86414e-05  6.68389e-05  7.64539e-05  7.99299e-05  8.95469e-05  9.72904e-05  8.19457e-05  7.43050e-05  7.06134e-05  6.68065e-05  5.93168e-05  5.81537e-05  5.01309e-05  3.27191e-05  2.98115e-05  3.03820e-05  3.28026e-05  3.79304e-05  -1.58502e-04  9.77715e-06  -2.19512e-06  -1.28542e-05  -1.24919e-05  -1.02645e-05  -4.26226e-06  2.53149e-06  1.11073e-05  2.13321e-05  2.94205e-05  3.70030e-05  4.37874e-05  4.44648e-05  4.29244e-05  4.40440e-05  4.55189e-05  4.40934e-05  4.39105e-05  4.06847e-05  3.41293e-05  2.92987e-05  2.79152e-05  2.49457e-05  2.03275e-05  1.66934e-05  6.87284e-06  
7.98220e-07  1.18466e-06  -3.18081e-06  6.77790e-06  7.80243e-06  9.33538e-06  1.39074e-05  1.87569e-05  2.29207e-05  2.70614e-05  2.50138e-05  2.83577e-05  2.57525e-05  2.76089e-05  2.71817e-05  2.87091e-05  2.56028e-05  2.64493e-05  2.24653e-05  2.10757e-05  1.80268e-05  1.61155e-05  1.32296e-05  1.30404e-05  2.69818e-05  3.68892e-06  -1.00720e-06  1.21176e-05  2.91424e-06  1.21119e-05  1.84644e-05  2.06248e-05  2.44917e-05  2.67608e-05  2.69743e-05  3.59190e-05  2.67409e-05  2.73755e-05  2.41699e-05  2.51270e-05  1.91740e-05  2.38211e-05  1.67412e-05  1.38654e-05  8.70875e-06  1.01916e-05  8.84696e-06  1.03020e-05  8.97394e-06  3.74335e-07  -8.62554e-07  -6.22496e-06  -6.64234e-06  -6.33044e-06  -4.35020e-06  -1.83088e-06  1.54974e-06  5.67582e-06  9.06894e-06  1.25206e-05  1.55992e-05  1.61041e-05  1.56963e-05  1.64838e-05  1.73745e-05  1.70585e-05  1.72341e-05  1.61310e-05  1.35520e-05  1.17844e-05  1.13520e-05  1.02608e-05  8.44997e-06  6.54861e-06  3.62026e-06  
-1.68071e-04  1.81057e-04  1.45464e-04  1.87960e-04  1.76368e-04  1.56444e-04  1.38524e-04  1.25637e-04  1.12265e-04  1.10441e-04  7.85800e-05  8.44535e-05  6.92049e-05  7.07430e-05  5.71893e-05  6.28575e-05  4.11376e-05  5.15081e-05  3.14817e-05  3.70631e-05  1.99748e-05  1.14567e-05  6.94185e-06  7.31774e-06  3.68892e-06  9.46007e-04  4.10897e-04  5.22142e-04  4.99749e-04  5.44400e-04  5.82710e-04  5.96900e-04  5.80644e-04  5.68077e-04  5.00036e-04  4.70766e-04  4.02950e-04  3.93026e-04  3.40927e-04  2.98599e-04  2.22710e-04  2.03894e-04  1.35998e-04  1.41009e-04  9.50634e-05  8.94864e-05  6.90262e-05  4.99518e-05  3.13629e-05  1.40771e-05  1.02476e-04  1.54010e-04  1.57595e-04  1.53835e-04  1.40040e-04  1.24037e-04  1.05821e-04  8.65437e-05  7.35606e-05  5.72925e-05  4.28329e-05  3.85133e-05  3.81155e-05  3.46036e-05  2.75508e-05  2.13651e-05  1.63801e-05  1.35498e-05  1.34245e-05  1.04734e-05  6.37044e-06  2.44063e-06  4.54548e-07  7.41135e-09  1.06108e-06  
1.70185e-04  -9.07375e-04  4.67182e-04  3.75199e-04  4.04119e-04  3.99688e-04  3.73393e-04  3.55762e-04  3.44952e-04  2.84513e-04  3.01100e-04  2.69834e-04  2.74348e-04  2.18736e-04  1.76148e-04  1.09474e-04  1.13918e-04  6.90796e-05  8.61394e-05  4.53844e-05  4.62073e-05  3.08245e-05  2.25323e-05  1.03387e-05  -1.00720e-06  4.10897e-04  3.68258e-03  1.22581e-03  1.37014e-03  1.34073e-03  1.40071e-03  1.44430e-03  1.40778e-03  1.34842e-03  1.30217e-03  1.07126e-03  9.84963e-04  8.70659e-04  8.28320e-04  6.99054e-04  6.26890e-04  4.59937e-04  4.20019e-04  3.05847e-04  2.96894e-04  2.07603e-04  1.53090e-04  1.04748e-04  8.27347e-05  2.98468e-05  1.42041e-04  3.37148e-04  3.36069e-04  3.42430e-04  3.23351e-04  2.99434e-04  2.67691e-04  2.28752e-04  2.01058e-04  1.65192e-04  1.29336e-04  1.12826e-04  1.07692e-04  9.70392e-05  7.72407e-05  5.92022e-05  4.39596e-05  3.42315e-05  3.14345e-05  2.36740e-05  1.22676e-05  2.11822e-06  -2.50912e-06  -3.54454e-06  -2.87541e-06  
1.41946e-04  4.66057e-04  -1.26484e-03  6.38851e-04  5.49383e-04  4.90144e-04  4.65081e-04  4.46771e-04  4.11722e-04  4.32025e-04  2.93370e-04  3.27122e-04  2.48552e-04  2.62939e-04  2.12641e-04  2.54184e-04  1.53669e-04  2.05992e-04  1.08946e-04  1.42439e-04  6.64524e-05  3.44208e-05  1.69844e-05  2.31295e-05  1.21176e-05  5.22142e-04  1.22581e-03  5.40621e-03  1.88819e-03  1.88255e-03  1.96901e-03  2.01874e-03  1.99570e-03  1.97186e-03  1.70576e-03  1.66828e-03  1.39103e-03  1.38429e-03  1.17609e-03  1.03710e-03  7.33698e-04  7.09148e-04  4.31315e-04  4.88906e-04  2.94601e-04  3.05617e-04  2.38397e-04  1.74896e-04  1.03455e-04  4.55296e-05  1.51058e-04  3.42406e-04  4.11691e-04  4.10130e-04  4.12618e-04  3.99190e-04  3.72540e-04  3.37687e-04  3.08374e-04  2.60325e-04  2.15050e-04  1.92869e-04  1.79469e-04  1.57205e-04  1.28260e-04  1.02430e-04  7.88423e-05  6.18982e-05  5.49445e-05  3.92657e-05  2.32283e-05  8.31377e-06  1.95758e-07  -1.80291e-06  1.71872e-06  
1.79985e-04  3.82903e-04  6.41107e-04  -1.34491e-03  7.41965e-04  6.77893e-04  6.40433e-04  6.40490e-04  6.40610e-04  5.51478e-04  5.80563e-04  5.28625e-04  5.21796e-04  4.20807e-04  3.48112e-04  2.39028e-04  2.37895e-04  1.57487e-04  1.75515e-04  1.00549e-04  9.80723e-05  6.99590e-05  5.10648e-05  2.83559e-05  2.91424e-06  4.99749e-04  1.37014e-03  1.88819e-03  6.78514e-03  2.72917e-03  2.47110e-03  2.42663e-03  2.38279e-03  2.29717e-03  2.22814e-03  1.85892e-03  1.68911e-03  1.49226e-03  1.41455e-03  1.20040e-03  1.07534e-03  8.01579e-04  7.23302e-04  5.23714e-04  5.02133e-04  3.54850e-04  2.62064e-04  1.82140e-04  1.41792e-04  5.17913e-05  1.41488e-04  3.36001e-04  3.94955e-04  4.61447e-04  4.59932e-04  4.66720e-04  4.53099e-04  4.23710e-04  3.95740e-04  3.48682e-04  2.97724e-04  2.62506e-04  2.40927e-04  2.13110e-04  1.78376e-04  1.47165e-04  1.16087e-04  9.08601e-05  7.58136e-05  5.61373e-05  3.60444e-05  1.77915e-05  7.20833e-06  2.50203e-06  -1.52912e-06  
1.40334e-04  3.43272e-04  4.69832e-04  6.68642e-04  -1.43227e-03  8.53141e-04  7.26449e-04  6.91488e-04  6.78733e-04  6.39533e-04  6.10612e-04  5.82850e-04  5.35210e-04  4.63982e-04  3.93629e-04  3.23384e-04  2.75268e-04  2.38645e-04  2.02630e-04  1.52699e-04  1.21911e-04  8.48825e-05  6.13246e-05  4.35897e-05  1.21119e-05  5.44400e-04  1.34073e-03  1.88255e-03  2.72917e-03  8.04210e-03  3.40753e-03  2.96001e-03  2.78409e-03  2.71209e-03  2.52097e-03  2.23343e-03  1.99172e-03  1.83657e-03  1.67026e-03  1.43079e-03  1.20490e-03  9.89492e-04  7.93933e-04  6.63074e-04  5.53681e-04  4.36444e-04  3.32431e-04  2.34368e-04  1.67690e-04  6.42491e-05  1.11126e-04  2.74840e-04  3.50747e-04  4.11092e-04  4.75224e-04  4.83189e-04  4.87374e-04  4.78257e-04  4.60480e-04  4.13313e-04  3.66681e-04  3.32504e-04  3.04016e-04  2.67249e-04  2.29285e-04  1.93906e-04  1.59077e-04  1.28106e-04  1.07714e-04  7.91897e-05  5.72232e-05  3.54995e-05  2.02818e-05  1.26342e-05  4.15111e-06  
1.41645e-04  3.69672e-04  4.70339e-04  6.50183e-04  9.10104e-04  -1.44715e-03  1.04028e-03  8.92273e-04  8.35025e-04  7.81197e-04  7.26966e-04  7.10435e-04  6.45333e-04  5.66914e-04  4.77619e-04  4.15385e-04  3.48011e-04  3.08331e-04  2.54946e-04  2.07443e-04  1.56858e-04  1.12335e-04  7.76033e-05  5.86414e-05  1.84644e-05  5.82710e-04  1.40071e-03  1.96901e-03  2.47110e-03  3.40753e-03  9.25181e-03  4.00168e-03  3.31361e-03  3.01450e-03  2.79322e-03  2.50871e-03  2.18875e-03  2.02348e-03  1.83344e-03  1.58402e-03  1.30304e-03  1.07992e-03  8.46218e-04  7.09023e-04  5.72984e-04  4.68659e-04  3.55167e-04  2.58670e-04  1.78416e-04  7.00112e-05  1.04755e-04  2.66637e-04  3.60620e-04  4.40389e-04  5.03693e-04  5.60512e-04  5.61036e-04  5.58220e-04  5.42178e-04  4.95522e-04  4.43740e-04  3.98662e-04  3.62442e-04  3.20477e-04  2.77287e-04  2.37318e-04  1.95548e-04  1.57161e-04  1.29002e-04  9.64206e-05  7.05298e-05  4.54504e-05  2.76026e-05  1.75184e-05  6.85273e-06  
1.43247e-04  3.73325e-04  4.89325e-04  6.39163e-04  8.04443e-04  1.06102e-03  -1.43551e-03  1.18513e-03  9.82914e-04  8.60883e-04  8.00272e-04  7.76496e-04  7.05742e-04  6.18862e-04  5.23274e-04  4.50789e-04  3.80686e-04  3.35032e-04  2.79648e-04  2.23924e-04  1.73984e-04  1.26666e-04  8.92464e-05  6.68389e-05  2.06248e-05  5.96900e-04  1.44430e-03  2.01874e-03  2.42663e-03  2.96001e-03  4.00168e-03  9.96453e-03  4.24023e-03  3.42735e-03  2.99719e-03  2.65987e-03  2.32176e-03  2.14216e-03  1.94300e-03  1.67296e-03  1.38080e-03  1.13997e-03  8.96824e-04  7.43995e-04  6.10297e-04  4.95295e-04  3.76997e-04  2.74776e-04  1.90286e-04  7.35398e-05  9.85034e-05  2.54905e-04  3.56094e-04  4.45144e-04  5.19030e-04  5.68145e-04  6.03594e-04  5.92634e-04  5.79458e-04  5.34319e-04  4.82001e-04  4.32972e-04  3.93224e-04  3.48899e-04  3.03803e-04  2.61692e-04  2.17123e-04  1.75195e-04  1.42992e-04  1.07795e-04  8.02307e-05  5.33796e-05  3.37204e-05  2.19226e-05  8.53052e-06  
1.17116e-04  3.14984e-04  4.22263e-04  5.72943e-04  6.88108e-04  8.28476e-04  1.10565e-03  -1.37346e-03  1.19903e-03  9.36317e-04  8.04893e-04  7.71235e-04  6.96894e-04  6.18269e-04  5.29900e-04  4.58118e-04  3.84961e-04  3.48000e-04  2.87754e-04  2.32377e-04  1.85520e-04  1.38390e-04  1.00394e-04  7.64539e-05  2.44917e-05  5.80644e-04  1.40778e-03  1.99570e-03  2.38279e-03  2.78409e-03  3.31361e-03  4.24023e-03  9.92977e-03  4.24952e-03  3.32423e-03  2.78519e-03  2.42148e-03  2.23881e-03  2.01512e-03  1.73124e-03  1.43154e-03  1.20385e-03  9.44861e-04  7.97407e-04  6.47670e-04  5.30630e-04  4.08516e-04  2.96900e-04  2.06722e-04  7.79725e-05  7.16880e-05  1.93052e-04  2.90151e-04  3.79161e-04  4.62759e-04  5.16799e-04  5.46959e-04  5.74277e-04  5.63498e-04  5.24162e-04  4.83872e-04  4.44449e-04  4.05334e-04  3.60144e-04  3.18616e-04  2.77511e-04  2.36361e-04  1.95049e-04  1.62044e-04  1.22362e-04  9.64991e-05  6.91282e-05  4.65330e-05  3.23832e-05  1.26846e-05  
1.01773e-04  2.92651e-04  3.70002e-04  5.45984e-04  6.35308e-04  7.25173e-04  8.56289e-04  1.14582e-03  -1.35455e-03  1.15259e-03  8.56564e-04  7.53897e-04  6.56809e-04  5.95246e-04  5.18520e-04  4.56433e-04  3.71622e-04  3.56263e-04  2.79356e-04  2.31908e-04  1.84955e-04  1.37270e-04  1.02735e-04  7.99299e-05  2.67608e-05  5.68077e-04  1.34842e-03  1.97186e-03  2.29717e-03  2.71209e-03  3.01450e-03  3.42735e-03  4.24952e-03  9.81768e-03  4.07193e-03  3.09491e-03  2.49041e-03  2.28238e-03  2.02646e-03  1.73314e-03  1.42300e-03  1.22935e-03  9.38724e-04  8.25941e-04  6.58500e-04  5.47002e-04  4.27574e-04  3.07195e-04  2.12695e-04  7.98298e-05  5.99536e-05  1.63983e-04  2.56438e-04  3.42170e-04  4.27405e-04  4.81573e-04  5.14967e-04  5.39853e-04  5.48446e-04  5.07884e-04  4.74316e-04  4.40756e-04  4.03094e-04  3.58786e-04  3.20018e-04  2.80226e-04  2.41795e-04  2.01845e-04  1.69145e-04  1.28015e-04  1.03489e-04  7.63044e-05  5.25781e-05  3.74365e-05  1.51534e-05  
1.17386e-04  2.70831e-04  4.60812e-04  5.19277e-04  6.63669e-04  7.63107e-04  8.39214e-04  9.84681e-04  1.25332e-03  -1.20701e-03  1.16740e-03  9.16174e-04  7.96380e-04  6.76439e-04  5.81534e-04  4.68618e-04  4.27662e-04  3.48797e-04  3.24652e-04  2.38095e-04  2.12652e-04  1.67629e-04  1.24497e-04  8.95469e-05  2.69743e-05  5.00036e-04  1.30217e-03  1.70576e-03  2.22814e-03  2.52097e-03  2.79322e-03  2.99719e-03  3.32423e-03  4.07193e-03  9.31597e-03  3.76444e-03  2.67792e-03  2.10716e-03  1.88429e-03  1.60552e-03  1.38516e-03  1.11070e-03  9.38721e-04  7.16419e-04  6.38132e-04  4.91292e-04  3.74439e-04  2.75669e-04  2.00032e-04  7.25910e-05  5.09997e-05  1.44098e-04  2.35047e-04  3.22954e-04  4.06710e-04  4.69504e-04  5.09648e-04  5.34455e-04  5.39349e-04  5.19843e-04  4.83788e-04  4.41727e-04  4.02965e-04  3.64427e-04  3.28053e-04  2.90228e-04  2.51310e-04  2.09576e-04  1.71459e-04  1.33617e-04  1.08514e-04  8.17342e-05  5.82960e-05  4.12467e-05  1.51592e-05  
8.12077e-05  2.57716e-04  3.00689e-04  5.11340e-04  5.96166e-04  6.66346e-04  7.33002e-04  8.00718e-04  9.05519e-04  1.11200e-03  -1.21941e-03  9.89978e-04  7.42831e-04  6.30859e-04  5.36499e-04  4.97509e-04  4.06122e-04  3.93156e-04  3.11064e-04  2.76082e-04  2.13782e-04  1.65961e-04  1.19800e-04  9.72904e-05  3.59190e-05  4.70766e-04  1.07126e-03  1.66828e-03  1.85892e-03  2.23343e-03  2.50871e-03  2.65987e-03  2.78519e-03  3.09491e-03  3.76444e-03  8.61054e-03  3.34700e-03  2.35308e-03  1.79530e-03  1.50786e-03  1.19599e-03  1.05863e-03  7.92863e-04  6.99191e-04  5.31091e-04  4.68144e-04  3.65203e-04  2.76233e-04  1.83973e-04  7.03015e-05  3.52292e-05  9.93729e-05  1.79400e-04  2.56134e-04  3.38032e-04  3.95440e-04  4.36567e-04  4.70995e-04  4.83499e-04  4.64360e-04  4.48045e-04  4.15811e-04  3.81328e-04  3.45220e-04  3.14550e-04  2.80372e-04  2.47680e-04  2.10380e-04  1.75285e-04  1.36352e-04  1.14494e-04  8.90386e-05  6.46893e-05  4.71295e-05  2.01262e-05  
8.10630e-05  2.10936e-04  3.04638e-04  4.02946e-04  4.88524e-04  5.67521e-04  6.21266e-04  6.64429e-04  6.93218e-04  7.65308e-04  9.02062e-04  -1.13628e-03  7.97910e-04  5.99177e-04  4.74157e-04  3.89647e-04  3.33378e-04  3.04232e-04  2.58541e-04  2.05573e-04  1.78410e-04  1.40709e-04  1.06987e-04  8.19457e-05  2.67409e-05  4.02950e-04  9.84963e-04  1.39103e-03  1.68911e-03  1.99172e-03  2.18875e-03  2.32176e-03  2.42148e-03  2.49041e-03  2.67792e-03  3.34700e-03  7.44517e-03  2.79695e-03  1.88734e-03  1.38777e-03  1.11808e-03  9.49029e-04  7.59048e-04  6.44061e-04  5.30917e-04  4.35567e-04  3.42866e-04  2.50197e-04  1.77767e-04  6.30189e-05  3.00610e-05  8.30871e-05  1.43405e-04  2.02895e-04  2.70433e-04  3.10308e-04  3.41315e-04  3.74959e-04  3.88581e-04  3.67878e-04  3.56784e-04  3.45921e-04  3.17927e-04  2.85150e-04  2.60274e-04  2.31044e-04  2.06768e-04  1.78043e-04  1.52825e-04  1.16837e-04  1.00095e-04  7.85560e-05  5.67998e-05  4.21273e-05  1.63757e-05  
